1 0.00640954 0.161002 -0.986933 -0.00860527 0.986926 0.160945 0.999942 0.00746125 0.00771121 -0.195317 -0.015078 -0.00900599 -0.692 
1 0.0084183 -0.0999116 -0.994961 -0.00665321 0.994968 -0.0999686 0.999942 0.00746125 0.00771121 -0.18476 -0.0651146 -0.00900599 -0.692 
1 0.00985339 -0.354017 -0.935187 -0.00424777 0.935209 -0.35407 0.999942 0.00746125 0.00771121 -0.161613 -0.110714 -0.00900599 -0.692 
1 0.010617 -0.583998 -0.811686 -0.00155287 0.811721 -0.584043 0.999942 0.00746125 0.00771121 -0.127452 -0.148769 -0.00900599 -0.692 
1 0.0106572 -0.774182 -0.632873 0.00124786 0.632919 -0.774217 0.999942 0.00746125 0.00771121 -0.0846063 -0.176686 -0.00900599 -0.692 
1 0.00997112 -0.911611 -0.410933 0.00396354 0.410986 -0.911633 0.999942 0.00746125 0.00771121 -0.0359951 -0.192563 -0.00900599 -0.692 
1 0.00860557 -0.986918 -0.160991 0.00640914 0.161048 -0.986926 0.999942 0.00746125 0.00771121 0.0150689 -0.195318 -0.00900599 -0.692 
1 0.0066536 -0.994973 0.0999225 0.00841799 -0.0998655 -0.994965 0.999942 0.00746125 0.00771121 0.0651061 -0.184763 -0.00900599 -0.692 
1 0.00424822 -0.935226 0.354027 0.0098532 -0.353973 -0.935204 0.999942 0.00746125 0.00771121 0.110707 -0.161618 -0.00900599 -0.692 
1 0.00155336 -0.811748 0.584006 0.010617 -0.58396 -0.811713 0.999942 0.00746125 0.00771121 0.148763 -0.127459 -0.00900599 -0.692 
1 -0.00124736 -0.632955 0.774188 0.0106573 -0.774153 -0.632909 0.999942 0.00746125 0.00771121 0.176682 -0.0846145 -0.00900599 -0.692 
1 -0.00396308 -0.411029 0.911614 0.0099713 -0.911592 -0.410975 0.999942 0.00746125 0.00771121 0.192562 -0.036004 -0.00900599 -0.692 
1 -0.00640874 -0.161093 0.986918 0.00860587 -0.986911 -0.161036 0.999942 0.00746125 0.00771121 0.195319 0.0150599 -0.00900599 -0.692 
1 -0.00841768 0.0998194 0.99497 0.00665399 -0.994978 0.0998764 0.999942 0.00746125 0.00771121 0.184766 0.0650975 -0.00900599 -0.692 
1 -0.009853 0.35393 0.93522 0.00424868 -0.935242 0.353983 0.999942 0.00746125 0.00771121 0.161623 0.110699 -0.00900599 -0.692 
1 -0.0106169 0.583922 0.81174 0.00155385 -0.811775 0.583968 0.999942 0.00746125 0.00771121 0.127466 0.148757 -0.00900599 -0.692 
1 -0.0106573 0.774124 0.632945 -0.00124687 -0.63299 0.774159 0.999942 0.00746125 0.00771121 0.0846226 0.176678 -0.00900599 -0.692 
1 -0.00997149 0.911573 0.411018 -0.00396262 -0.411071 0.911595 0.999942 0.00746125 0.00771121 0.036013 0.19256 -0.00900599 -0.692 
1 -0.00860616 0.986903 0.161082 -0.00640834 -0.161139 0.986911 0.999942 0.00746125 0.00771121 -0.0150508 0.19532 -0.00900599 -0.692 
1 -0.00665438 0.994982 -0.0998303 -0.00841737 0.0997733 0.994975 0.999942 0.00746125 0.00771121 -0.065089 0.184769 -0.00900599 -0.692 
1 -0.00424914 0.935259 -0.35394 -0.0098528 0.353887 0.935236 0.999942 0.00746125 0.00771121 -0.110692 0.161628 -0.00900599 -0.692 
1 -0.00155434 0.811802 -0.58393 -0.0106168 0.583885 0.811767 0.999942 0.00746125 0.00771121 -0.148751 0.127473 -0.00900599 -0.692 
1 0.00124638 0.633026 -0.774129 -0.0106574 0.774094 0.632981 0.999942 0.00746125 0.00771121 -0.176674 0.0846308 -0.00900599 -0.692 
1 0.00396216 0.411113 -0.911576 -0.00997167 0.911554 0.41106 0.999942 0.00746125 0.00771121 -0.192558 0.0360219 -0.00900599 -0.692 
1 0.00640794 0.161185 -0.986903 -0.00860646 0.986896 0.161128 0.999942 0.00746125 0.00771121 -0.19532 -0.0150418 -0.00900599 -0.692 
