1 -0.0595964 0.0186262 -0.998049 -0.0106852 0.999757 0.0192961 0.998165 0.0118144 -0.0593829 -0.188775 -0.0503438 -0.0200877 -0.864 
1 -0.0548004 -0.240757 -0.969037 -0.0257454 0.970513 -0.239668 0.998165 0.0118144 -0.0593829 -0.169314 -0.0974857 -0.0200877 -0.864 
1 -0.04627 -0.483734 -0.873991 -0.0390512 0.875135 -0.4823 0.998165 0.0118144 -0.0593829 -0.138315 -0.137985 -0.0200877 -0.864 
1 -0.0345866 -0.693747 -0.719387 -0.0496958 0.720122 -0.692066 0.998165 0.0118144 -0.0593829 -0.0978899 -0.169081 -0.0200877 -0.864 
1 -0.0205463 -0.856486 -0.515762 -0.056954 0.516036 -0.854672 0.998165 0.0118144 -0.0593829 -0.0507946 -0.188655 -0.0200877 -0.864 
1 -0.00510589 -0.960859 -0.27699 -0.0603311 0.276785 -0.959036 0.998165 0.0118144 -0.0593829 -0.00023787 -0.195373 -0.0200877 -0.864 
1 0.0106825 -0.999756 -0.0193423 -0.0595969 0.0186725 -0.998048 0.998165 0.0118144 -0.0593829 0.050335 -0.188778 -0.0200877 -0.864 
1 0.0257429 -0.970525 0.239623 -0.0548016 -0.240712 -0.969048 0.998165 0.0118144 -0.0593829 0.0974779 -0.169318 -0.0200877 -0.864 
1 0.039049 -0.875158 0.482259 -0.0462718 -0.483694 -0.874013 0.998165 0.0118144 -0.0593829 0.137978 -0.138321 -0.0200877 -0.864 
1 0.0496942 -0.720154 0.692033 -0.0345889 -0.693714 -0.71942 0.998165 0.0118144 -0.0593829 0.169076 -0.0978977 -0.0200877 -0.864 
1 0.0569531 -0.516075 0.854648 -0.0205489 -0.856462 -0.515801 0.998165 0.0118144 -0.0593829 0.188652 -0.0508033 -0.0200877 -0.864 
1 0.0603309 -0.276829 0.959023 -0.00510869 -0.960847 -0.277034 0.998165 0.0118144 -0.0593829 0.195373 -0.000246921 -0.0200877 -0.864 
1 0.0595974 -0.0187188 0.998047 0.0106797 -0.999755 -0.0193886 0.998165 0.0118144 -0.0593829 0.18878 0.0503263 -0.0200877 -0.864 
1 0.0548028 0.240667 0.969059 0.0257403 -0.970536 0.239578 0.998165 0.0118144 -0.0593829 0.169323 0.09747 -0.0200877 -0.864 
1 0.0462736 0.483653 0.874036 0.0390469 -0.87518 0.482219 0.998165 0.0118144 -0.0593829 0.138327 0.137972 -0.0200877 -0.864 
1 0.0345912 0.693681 0.719452 0.0496926 -0.720186 0.691999 0.998165 0.0118144 -0.0593829 0.0979056 0.169071 -0.0200877 -0.864 
1 0.0205516 0.856438 0.515841 0.0569521 -0.516115 0.854624 0.998165 0.0118144 -0.0593829 0.050812 0.18865 -0.0200877 -0.864 
1 0.00511148 0.960834 0.277079 0.0603306 -0.276874 0.959011 0.998165 0.0118144 -0.0593829 0.000255972 0.195373 -0.0200877 -0.864 
1 -0.0106769 0.999754 0.0194348 0.0595979 -0.0187651 0.998046 0.998165 0.0118144 -0.0593829 -0.0503175 0.188782 -0.0200877 -0.864 
1 -0.0257378 0.970547 -0.239533 0.054804 0.240622 0.96907 0.998165 0.0118144 -0.0593829 -0.0974622 0.169327 -0.0200877 -0.864 
1 -0.0390448 0.875202 -0.482178 0.0462755 0.483612 0.874058 0.998165 0.0118144 -0.0593829 -0.137965 0.138334 -0.0200877 -0.864 
1 -0.049691 0.720218 -0.691966 0.0345935 0.693647 0.719484 0.998165 0.0118144 -0.0593829 -0.169067 0.0979134 -0.0200877 -0.864 
1 -0.0569512 0.516155 -0.8546 0.0205542 0.856414 0.51588 0.998165 0.0118144 -0.0593829 -0.188648 0.0508208 -0.0200877 -0.864 
1 -0.0603304 0.276918 -0.958998 0.00511428 0.960821 0.277123 0.998165 0.0118144 -0.0593829 -0.195373 0.000265023 -0.0200877 -0.864 
1 -0.0595984 0.0188114 -0.998045 -0.0106742 0.999753 0.019481 0.998165 0.0118144 -0.0593829 -0.188785 -0.0503088 -0.0200877 -0.864 
