1 -0.000653625 -0.00132918 0.999999 -0.00116666 -0.999998 -0.00132995 0.999999 -0.00116753 0.000652074 0.219125 0.0454314 -0.035701 -0.658 
1 -0.000329409 0.257527 0.966271 -0.00129608 -0.96627 0.257527 0.999999 -0.00116753 0.000652074 0.199901 0.100596 -0.035701 -0.658 
1 1.72547e-05 0.498835 0.866697 -0.00133717 -0.866696 0.498834 0.999999 -0.00116753 0.000652074 0.167054 0.148905 -0.035701 -0.658 
1 0.000362743 0.706149 0.708063 -0.00128715 -0.708062 0.706149 0.999999 -0.00116753 0.000652074 0.122824 0.187067 -0.035701 -0.658 
1 0.000683512 0.865344 0.501178 -0.00114941 -0.501177 0.865344 0.999999 -0.00116753 0.000652074 0.0702242 0.212481 -0.035701 -0.658 
1 0.000957703 0.96557 0.260141 -0.000933345 -0.26014 0.965571 0.999999 -0.00116753 0.000652074 0.0128389 0.223416 -0.035701 -0.658 
1 0.00116663 0.999998 0.00137627 -0.00065368 -0.00137551 0.999999 0.999999 -0.00116753 0.000652074 -0.0454213 0.219127 -0.035701 -0.658 
1 0.00129606 0.966282 -0.257482 -0.000329469 0.257483 0.966283 0.999999 -0.00116753 0.000652074 -0.100586 0.199905 -0.035701 -0.658 
1 0.00133717 0.866719 -0.498794 1.71927e-05 0.498795 0.86672 0.999999 -0.00116753 0.000652074 -0.148897 0.167061 -0.035701 -0.658 
1 0.00128716 0.708095 -0.706116 0.000362683 0.706117 0.708095 0.999999 -0.00116753 0.000652074 -0.187061 0.122833 -0.035701 -0.658 
1 0.00114944 0.501217 -0.865321 0.000683458 0.865321 0.501218 0.999999 -0.00116753 0.000652074 -0.212478 0.070234 -0.035701 -0.658 
1 0.00093339 0.260185 -0.965558 0.00095766 0.965558 0.260185 0.999999 -0.00116753 0.000652074 -0.223416 0.0128492 -0.035701 -0.658 
1 0.000653734 0.00142184 -0.999999 0.0011666 0.999998 0.0014226 0.999999 -0.00116753 0.000652074 -0.219129 -0.0454111 -0.035701 -0.658 
1 0.000329529 -0.257438 -0.966295 0.00129605 0.966294 -0.257437 0.999999 -0.00116753 0.000652074 -0.19991 -0.100577 -0.035701 -0.658 
1 -1.71308e-05 -0.498754 -0.866743 0.00133717 0.866743 -0.498754 0.999999 -0.00116753 0.000652074 -0.167068 -0.148889 -0.035701 -0.658 
1 -0.000362623 -0.706084 -0.708128 0.00128718 0.708127 -0.706084 0.999999 -0.00116753 0.000652074 -0.122841 -0.187055 -0.035701 -0.658 
1 -0.000683405 -0.865298 -0.501258 0.00114947 0.501257 -0.865298 0.999999 -0.00116753 0.000652074 -0.0702439 -0.212475 -0.035701 -0.658 
1 -0.000957617 -0.965546 -0.26023 0.000933434 0.260229 -0.965546 0.999999 -0.00116753 0.000652074 -0.0128596 -0.223415 -0.035701 -0.658 
1 -0.00116657 -0.999998 -0.00146893 0.000653788 0.00146816 -0.999999 0.999999 -0.00116753 0.000652074 0.045401 -0.219131 -0.035701 -0.658 
1 -0.00129603 -0.966306 0.257392 0.000329589 -0.257393 -0.966307 0.999999 -0.00116753 0.000652074 0.100568 -0.199915 -0.035701 -0.658 
1 -0.00133718 -0.866766 0.498714 -1.70688e-05 -0.498714 -0.866766 0.999999 -0.00116753 0.000652074 0.148881 -0.167075 -0.035701 -0.658 
1 -0.0012872 -0.70816 0.706051 -0.000362564 -0.706051 -0.708161 0.999999 -0.00116753 0.000652074 0.18705 -0.12285 -0.035701 -0.658 
1 -0.0011495 -0.501297 0.865274 -0.000683352 -0.865274 -0.501298 0.999999 -0.00116753 0.000652074 0.212471 -0.0702537 -0.035701 -0.658 
1 -0.000933478 -0.260274 0.965534 -0.000957574 -0.965534 -0.260275 0.999999 -0.00116753 0.000652074 0.223415 -0.0128699 -0.035701 -0.658 
1 -0.000653842 -0.00151449 0.999999 -0.00116654 -0.999998 -0.00151525 0.999999 -0.00116753 0.000652074 0.219133 0.0453908 -0.035701 -0.658 
