1 0.00553971 0.421102 -0.906996 -0.00155098 0.907013 0.421101 0.999983 -0.000926038 0.00567771 -0.189534 0.0425258 -0.00887598 -0.464 
1 0.00575237 0.172009 -0.985079 -6.43975e-05 0.985095 0.172012 0.999983 -0.000926038 0.00567771 -0.194082 -0.00797676 -0.00887598 -0.464 
1 0.00557304 -0.0888056 -0.996033 0.00142658 0.996049 -0.088799 0.999983 -0.000926038 0.00567771 -0.185405 -0.0579357 -0.00887598 -0.464 
1 0.00501394 -0.343569 -0.939114 0.00282034 0.939127 -0.343558 0.999983 -0.000926038 0.00567771 -0.164093 -0.103947 -0.00887598 -0.464 
1 0.00411317 -0.57492 -0.8182 0.00402191 0.818209 -0.574906 0.999983 -0.000926038 0.00567771 -0.1316 -0.142874 -0.00887598 -0.464 
1 0.00293211 -0.767093 -0.641529 0.00494941 0.641535 -0.767077 0.999983 -0.000926038 0.00567771 -0.0901384 -0.172066 -0.00887598 -0.464 
1 0.00155124 -0.906993 -0.421143 0.00553964 0.421144 -0.906977 0.999983 -0.000926038 0.00567771 -0.0425345 -0.189532 -0.00887598 -0.464 
1 6.46639e-05 -0.985087 -0.172057 0.00575237 0.172055 -0.985071 0.999983 -0.000926038 0.00567771 0.00796777 -0.194083 -0.00887598 -0.464 
1 -0.00142632 -0.996053 0.0887528 0.00557311 -0.0887595 -0.996037 0.999983 -0.000926038 0.00567771 0.0579271 -0.185408 -0.00887598 -0.464 
1 -0.00282011 -0.939143 0.343515 0.00501407 -0.343525 -0.93913 0.999983 -0.000926038 0.00567771 0.103939 -0.164098 -0.00887598 -0.464 
1 -0.00402172 -0.818236 0.574868 0.00411336 -0.574882 -0.818226 0.999983 -0.000926038 0.00567771 0.142868 -0.131606 -0.00887598 -0.464 
1 -0.00494927 -0.641571 0.767048 0.00293234 -0.767063 -0.641565 0.999983 -0.000926038 0.00567771 0.172062 -0.0901463 -0.00887598 -0.464 
1 -0.00553956 -0.421186 0.906957 0.0015515 -0.906974 -0.421185 0.999983 -0.000926038 0.00567771 0.18953 -0.0425433 -0.00887598 -0.464 
1 -0.00575236 -0.1721 0.985063 6.49304e-05 -0.985079 -0.172103 0.999983 -0.000926038 0.00567771 0.194083 0.00795878 -0.00887598 -0.464 
1 -0.00557317 0.0887133 0.996042 -0.00142606 -0.996057 0.0887067 0.999983 -0.000926038 0.00567771 0.18541 0.0579185 -0.00887598 -0.464 
1 -0.0050142 0.343482 0.939146 -0.00281987 -0.939159 0.343471 0.999983 -0.000926038 0.00567771 0.164103 0.103931 -0.00887598 -0.464 
1 -0.00411354 0.574844 0.818253 -0.00402153 -0.818263 0.57483 0.999983 -0.000926038 0.00567771 0.131613 0.142862 -0.00887598 -0.464 
1 -0.00293257 0.767033 0.6416 -0.00494914 -0.641606 0.767018 0.999983 -0.000926038 0.00567771 0.0901543 0.172057 -0.00887598 -0.464 
1 -0.00155175 0.906954 0.421227 -0.00553949 -0.421228 0.906938 0.999983 -0.000926038 0.00567771 0.0425521 0.189528 -0.00887598 -0.464 
1 -6.51969e-05 0.985071 0.172148 -0.00575236 -0.172146 0.985055 0.999983 -0.000926038 0.00567771 -0.00794979 0.194083 -0.00887598 -0.464 
1 0.0014258 0.996061 -0.0886606 -0.00557324 0.0886672 0.996046 0.999983 -0.000926038 0.00567771 -0.0579099 0.185413 -0.00887598 -0.464 
1 0.00281964 0.939175 -0.343428 -0.00501433 0.343438 0.939162 0.999983 -0.000926038 0.00567771 -0.103924 0.164108 -0.00887598 -0.464 
1 0.00402134 0.818289 -0.574793 -0.00411373 0.574806 0.818279 0.999983 -0.000926038 0.00567771 -0.142856 0.13162 -0.00887598 -0.464 
1 0.004949 0.641642 -0.766988 -0.0029328 0.767004 0.641636 0.999983 -0.000926038 0.00567771 -0.172053 0.0901623 -0.00887598 -0.464 
1 0.00553942 0.42127 -0.906918 -0.00155201 0.906935 0.421269 0.999983 -0.000926038 0.00567771 -0.189526 0.0425609 -0.00887598 -0.464 
