1 -0.00107143 0.998509 -0.0545707 -0.000702722 0.05457 0.99851 0.999999 0.00110818 0.000643206 -0.0496239 0.187595 -0.00999428 -0.538 
1 -0.000853054 0.950365 -0.311137 -0.000956078 0.311136 0.950365 0.999999 0.00110818 0.000643206 -0.0964848 0.16836 -0.00999428 -0.538 
1 -0.000576544 0.837458 -0.546502 -0.00114428 0.546501 0.837458 0.999999 0.00110818 0.000643206 -0.136771 0.137652 -0.00999428 -0.538 
1 -0.000260747 0.667483 -0.744625 -0.00125451 0.744624 0.667483 0.999999 0.00110818 0.000643206 -0.167737 0.0975642 -0.00999428 -0.538 
1 7.28194e-05 0.452023 -0.892006 -0.00127925 0.892005 0.452023 0.999999 0.00110818 0.000643206 -0.187272 0.0508277 -0.00999428 -0.538 
1 0.000401423 0.20576 -0.978602 -0.00121682 0.978602 0.20576 0.999999 0.00110818 0.000643206 -0.194046 0.000627651 -0.00999428 -0.538 
1 0.000702672 -0.0545238 -0.998512 -0.00107146 0.998512 -0.0545245 0.999999 0.00110818 0.000643206 -0.187597 -0.0496152 -0.00999428 -0.538 
1 0.000956038 -0.311092 -0.950379 -0.000853098 0.950379 -0.311093 0.999999 0.00110818 0.000643206 -0.168364 -0.096477 -0.00999428 -0.538 
1 0.00114426 -0.546462 -0.837483 -0.000576597 0.837483 -0.546463 0.999999 0.00110818 0.000643206 -0.137658 -0.136764 -0.00999428 -0.538 
1 0.0012545 -0.744593 -0.667517 -0.000260805 0.667518 -0.744594 0.999999 0.00110818 0.000643206 -0.0975719 -0.167732 -0.00999428 -0.538 
1 0.00127925 -0.891985 -0.452064 7.27601e-05 0.452065 -0.891985 0.999999 0.00110818 0.000643206 -0.0508364 -0.18727 -0.00999428 -0.538 
1 0.00121684 -0.978592 -0.205805 0.000401367 0.205806 -0.978593 0.999999 0.00110818 0.000643206 -0.000636641 -0.194046 -0.00999428 -0.538 
1 0.0010715 -0.998514 0.0544782 0.000702623 -0.0544775 -0.998515 0.999999 0.00110818 0.000643206 0.0496065 -0.1876 -0.00999428 -0.538 
1 0.000853142 -0.950393 0.311049 0.000955999 -0.311048 -0.950394 0.999999 0.00110818 0.000643206 0.0964692 -0.168369 -0.00999428 -0.538 
1 0.00057665 -0.837509 0.546424 0.00114423 -0.546423 -0.837508 0.999999 0.00110818 0.000643206 0.136758 -0.137665 -0.00999428 -0.538 
1 0.000260863 -0.667552 0.744563 0.00125449 -0.744562 -0.667552 0.999999 0.00110818 0.000643206 0.167728 -0.0975797 -0.00999428 -0.538 
1 -7.27009e-05 -0.452106 0.891964 0.00127926 -0.891964 -0.452105 0.999999 0.00110818 0.000643206 0.187268 -0.0508451 -0.00999428 -0.538 
1 -0.00040131 -0.205851 0.978583 0.00121685 -0.978583 -0.20585 0.999999 0.00110818 0.000643206 0.194046 -0.00064563 -0.00999428 -0.538 
1 -0.000702573 0.0544312 0.998517 0.00107153 -0.998517 0.054432 0.999999 0.00110818 0.000643206 0.187602 0.0495978 -0.00999428 -0.538 
1 -0.000955959 0.311004 0.950408 0.000853187 -0.950408 0.311005 0.999999 0.00110818 0.000643206 0.168373 0.0964614 -0.00999428 -0.538 
1 -0.0011442 0.546384 0.837534 0.000576703 -0.837534 0.546385 0.999999 0.00110818 0.000643206 0.137671 0.136752 -0.00999428 -0.538 
1 -0.00125447 0.744531 0.667586 0.000260921 -0.667587 0.744532 0.999999 0.00110818 0.000643206 0.0975875 0.167723 -0.00999428 -0.538 
1 -0.00127926 0.891943 0.452147 -7.26416e-05 -0.452147 0.891943 0.999999 0.00110818 0.000643206 0.0508537 0.187265 -0.00999428 -0.538 
1 -0.00121687 0.978573 0.205896 -0.000401254 -0.205896 0.978574 0.999999 0.00110818 0.000643206 0.00065462 0.194046 -0.00999428 -0.538 
1 -0.00107156 0.998519 -0.0543857 -0.000702523 0.054385 0.99852 0.999999 0.00110818 0.000643206 -0.0495891 0.187604 -0.00999428 -0.538 
