1 -0.999999 0.00157823 0.000173718 0.000172095 -0.00102875 0.999999 0.00157841 0.999998 0.00102848 0.0100541 0.189993 -0.0171473 -0.158 
1 -0.999999 0.00157823 0.000173718 0.000574742 0.257817 0.966193 0.00148009 0.966192 -0.257818 0.0100541 0.179081 -0.0657354 -0.158 
1 -0.999999 0.00157823 0.000173718 0.000938223 0.499095 0.866547 0.00128091 0.866546 -0.499096 0.0100541 0.155966 -0.109844 -0.158 
1 -0.999999 0.00157823 0.000173718 0.00123777 0.706362 0.70785 0.000994444 0.707849 -0.706363 0.0100541 0.122223 -0.146467 -0.158 
1 -0.999999 0.00157823 0.000173718 0.00145297 0.865494 0.500917 0.000640211 0.500917 -0.865495 0.0100541 0.0801516 -0.17311 -0.158 
1 -0.999999 0.00157823 0.000173718 0.00156916 0.965648 0.25985 0.000242352 0.25985 -0.965649 0.0100541 0.0326179 -0.187956 -0.158 
1 -0.999999 0.00157823 0.000173718 0.00157842 0.999998 0.00107481 -0.000172021 0.00107508 -0.999999 0.0100541 -0.0171385 -0.189993 -0.158 
1 -0.999999 0.00157823 0.000173718 0.00148012 0.966204 -0.257773 -0.000574673 -0.257773 -0.966205 0.0100541 -0.0657271 -0.179084 -0.158 
1 -0.999999 0.00157823 0.000173718 0.00128095 0.866569 -0.499056 -0.000938164 -0.499055 -0.86657 0.0100541 -0.109837 -0.155972 -0.158 
1 -0.999999 0.00157823 0.000173718 0.000994501 0.707882 -0.70633 -0.00123772 -0.706329 -0.707883 0.0100541 -0.146462 -0.12223 -0.158 
1 -0.999999 0.00157823 0.000173718 0.000640279 0.500957 -0.865472 -0.00145294 -0.865471 -0.500957 0.0100541 -0.173106 -0.0801597 -0.158 
1 -0.999999 0.00157823 0.000173718 0.000242425 0.259894 -0.965637 -0.00156915 -0.965636 -0.259894 0.0100541 -0.187954 -0.0326266 -0.158 
1 -0.999999 0.00157823 0.000173718 -0.000171948 0.00112141 -0.999999 -0.00157843 -0.999998 -0.00112113 0.0100541 -0.189994 0.0171297 -0.158 
1 -0.999999 0.00157823 0.000173718 -0.000574605 -0.257728 -0.966217 -0.00148014 -0.966216 0.257728 0.0100541 -0.179087 0.0657188 -0.158 
1 -0.999999 0.00157823 0.000173718 -0.000938105 -0.499015 -0.866593 -0.001281 -0.866592 0.499015 0.0100541 -0.155977 0.109829 -0.158 
1 -0.999999 0.00157823 0.000173718 -0.00123768 -0.706296 -0.707915 -0.000994558 -0.707915 0.706297 0.0100541 -0.122237 0.146456 -0.158 
1 -0.999999 0.00157823 0.000173718 -0.00145291 -0.865448 -0.500997 -0.000640346 -0.500997 0.865449 0.0100541 -0.0801677 0.173102 -0.158 
1 -0.999999 0.00157823 0.000173718 -0.00156914 -0.965624 -0.259939 -0.000242498 -0.259939 0.965625 0.0100541 -0.0326353 0.187953 -0.158 
1 -0.999999 0.00157823 0.000173718 -0.00157843 -0.999998 -0.00116746 0.000171875 -0.00116773 0.999999 0.0100541 0.0171209 0.189995 -0.158 
1 -0.999999 0.00157823 0.000173718 -0.00148017 -0.966228 0.257684 0.000574536 0.257683 0.966229 0.0100541 0.0657105 0.17909 -0.158 
1 -0.999999 0.00157823 0.000173718 -0.00128104 -0.866615 0.498975 0.000938045 0.498974 0.866616 0.0100541 0.109822 0.155982 -0.158 
1 -0.999999 0.00157823 0.000173718 -0.000994616 -0.707947 0.706264 0.00123763 0.706263 0.707948 0.0100541 0.14645 0.122244 -0.158 
1 -0.999999 0.00157823 0.000173718 -0.000640413 -0.501037 0.865426 0.00145288 0.865424 0.501037 0.0100541 0.173098 0.0801757 -0.158 
1 -0.999999 0.00157823 0.000173718 -0.000242571 -0.259984 0.965613 0.00156912 0.965612 0.259984 0.0100541 0.187951 0.032644 -0.158 
1 -0.999999 0.00157823 0.000173718 0.000171802 -0.00121406 0.999999 0.00157844 0.999998 0.00121379 0.0100541 0.189996 -0.0171121 -0.158 
