1 0.00564623 -0.0506074 -0.998703 -0.00376251 0.99871 -0.0506291 0.999977 0.00404349 0.00544854 -0.187879 -0.0486393 -0.00904124 -0.532 
1 0.00642763 -0.307361 -0.951571 -0.002173 0.951584 -0.30738 0.999977 0.00404349 0.00544854 -0.168889 -0.0956072 -0.00904124 -0.532 
1 0.00677103 -0.54317 -0.839596 -0.00043542 0.839613 -0.543184 0.999977 0.00404349 0.00544854 -0.13839 -0.13606 -0.00904124 -0.532 
1 0.00665301 -0.741964 -0.670406 0.00133184 0.670427 -0.741974 0.999977 0.00404349 0.00544854 -0.098461 -0.167241 -0.00904124 -0.532 
1 0.00608164 -0.890198 -0.455533 0.00300833 0.455555 -0.890202 0.999977 0.00404349 0.00544854 -0.0518223 -0.187026 -0.00904124 -0.532 
1 0.00509583 -0.97777 -0.209617 0.00447983 0.20964 -0.977768 0.999977 0.00404349 0.00544854 -0.00165213 -0.194066 -0.00904124 -0.532 
1 0.00376277 -0.998713 0.0505828 0.00564605 -0.0505611 -0.998705 0.999977 0.00404349 0.00544854 0.0486306 -0.187881 -0.00904124 -0.532 
1 0.0021733 -0.951599 0.307336 0.00642753 -0.307317 -0.951586 0.999977 0.00404349 0.00544854 0.0955994 -0.168893 -0.00904124 -0.532 
1 0.000435734 -0.839638 0.543146 0.00677101 -0.543131 -0.839621 0.999977 0.00404349 0.00544854 0.136054 -0.138396 -0.00904124 -0.532 
1 -0.00133153 -0.670462 0.741943 0.00665308 -0.741933 -0.670441 0.999977 0.00404349 0.00544854 0.167237 -0.0984687 -0.00904124 -0.532 
1 -0.00300805 -0.455597 0.890181 0.00608178 -0.890177 -0.455574 0.999977 0.00404349 0.00544854 0.187023 -0.0518309 -0.00904124 -0.532 
1 -0.0044796 -0.209685 0.977759 0.00509604 -0.977761 -0.209662 0.999977 0.00404349 0.00544854 0.194066 -0.00166112 -0.00904124 -0.532 
1 -0.00564588 0.0505149 0.998707 0.00376303 -0.998715 0.0505365 0.999977 0.00404349 0.00544854 0.187883 0.0486219 -0.00904124 -0.532 
1 -0.00642743 0.307273 0.9516 0.0021736 -0.951613 0.307292 0.999977 0.00404349 0.00544854 0.168898 0.0955916 -0.00904124 -0.532 
1 -0.00677099 0.543092 0.839646 0.000436048 -0.839664 0.543107 0.999977 0.00404349 0.00544854 0.138403 0.136047 -0.00904124 -0.532 
1 -0.00665314 0.741902 0.670475 -0.00133122 -0.670496 0.741912 0.999977 0.00404349 0.00544854 0.0984765 0.167232 -0.00904124 -0.532 
1 -0.00608192 0.890156 0.455615 -0.00300777 -0.455638 0.89016 0.999977 0.00404349 0.00544854 0.0518396 0.187021 -0.00904124 -0.532 
1 -0.00509625 0.977751 0.209708 -0.00447936 -0.209731 0.977749 0.999977 0.00404349 0.00544854 0.00167011 0.194065 -0.00904124 -0.532 
1 -0.0037633 0.998717 -0.0504903 -0.00564571 0.0504686 0.99871 0.999977 0.00404349 0.00544854 -0.0486132 0.187885 -0.00904124 -0.532 
1 -0.0021739 0.951627 -0.307248 -0.00642733 0.307229 0.951614 0.999977 0.00404349 0.00544854 -0.0955837 0.168902 -0.00904124 -0.532 
1 -0.000436361 0.839689 -0.543068 -0.00677097 0.543053 0.839671 0.999977 0.00404349 0.00544854 -0.136041 0.138409 -0.00904124 -0.532 
1 0.00133091 0.67053 -0.741881 -0.0066532 0.741871 0.67051 0.999977 0.00404349 0.00544854 -0.167227 0.0984842 -0.00904124 -0.532 
1 0.00300749 0.455679 -0.890139 -0.00608206 0.890135 0.455656 0.999977 0.00404349 0.00544854 -0.187019 0.0518483 -0.00904124 -0.532 
1 0.00447912 0.209776 -0.977739 -0.00509645 0.977741 0.209753 0.999977 0.00404349 0.00544854 -0.194065 0.0016791 -0.00904124 -0.532 
1 0.00564553 -0.0504223 -0.998712 -0.00376356 0.99872 -0.050444 0.999977 0.00404349 0.00544854 -0.187888 -0.0486045 -0.00904124 -0.532 
