1 0.00613493 -0.0482511 -0.998816 -0.0018982 0.998833 -0.0482636 0.999979 0.00219205 0.00603618 -0.1783 0.0302562 0.00825166 -0.4014 
1 -0.00613427 0.0482511 0.998816 -0.0018982 0.998833 -0.0482636 -0.999979 -0.00219202 -0.00603552 0.1783 0.0302562 -0.00825178 -0.4014 
1 0.00626213 -0.54119 -0.840877 0.00142348 0.840897 -0.541193 0.999979 0.00219205 0.00603618 -0.169541 -0.0629446 0.00825166 -0.4014 
1 -0.00626147 0.54119 0.840877 0.00142348 0.840897 -0.541193 -0.999979 -0.00219169 -0.00603563 0.169567 -0.0629034 0.0029111 -0.4014 
1 0.00471149 -0.889126 -0.457638 0.00436376 0.457657 -0.889118 0.999979 0.00219205 0.00603618 -0.115357 -0.13928 0.00825166 -0.4014 
1 -0.00471084 0.889126 0.457638 0.00436376 0.457657 -0.889118 -0.999979 -0.00219147 -0.00603588 0.1154 -0.139258 0.00291106 -0.4014 
1 0.00189848 -0.998835 0.0482173 0.00613484 -0.0482049 -0.998819 0.999979 0.00219205 0.00603618 -0.0302644 -0.178299 0.00825166 -0.4014 
1 -0.00189783 0.998835 -0.0482173 0.00613484 -0.0482049 -0.998819 -0.999979 -0.00219139 -0.00603621 0.0303133 -0.178301 0.002911 -0.4014 
1 -0.00142319 -0.840922 0.541154 0.00626219 -0.541151 -0.840902 0.999979 0.00219205 0.00603618 0.0629368 -0.169544 0.00825166 -0.4014 
1 0.00142384 0.840922 -0.541154 0.00626219 -0.541151 -0.840902 -0.999979 -0.0021915 -0.00603653 -0.0628957 -0.16957 0.00291095 -0.4014 
1 -0.00436354 -0.457698 0.889097 0.00471169 -0.889105 -0.457679 0.999979 0.00219205 0.00603618 0.139275 -0.115363 0.00825166 -0.4014 
1 0.00436419 0.457698 -0.889097 0.00471169 -0.889105 -0.457679 -0.999979 -0.00219175 -0.00603676 -0.139253 -0.115407 0.0029109 -0.4014 
1 -0.00613475 0.0481586 0.998821 0.00189877 -0.998837 0.048171 0.999979 0.00219205 0.00603618 0.178297 -0.0302726 0.00825166 -0.4014 
1 0.00613541 -0.0481586 -0.998821 0.00189877 -0.998837 0.048171 -0.999979 -0.00219208 -0.00603683 -0.1783 -0.0303215 0.00291087 -0.4014 
1 -0.00626226 0.541112 0.840927 -0.0014229 -0.840948 0.541115 0.999979 0.00219205 0.00603618 0.169547 0.0629289 0.00825166 -0.4014 
1 0.00626291 -0.541112 -0.840927 -0.0014229 -0.840948 0.541115 -0.999979 -0.0021924 -0.00603673 -0.169573 0.0628877 0.00291088 -0.4014 
1 -0.00471189 0.889084 0.457721 -0.00436332 -0.45774 0.889076 0.999979 0.00219205 0.00603618 0.11537 0.13927 0.00825166 -0.4014 
1 0.00471255 -0.889084 -0.457721 -0.00436332 -0.45774 0.889076 -0.999979 -0.00219263 -0.00603648 -0.115413 0.139248 0.00291091 -0.4014 
1 -0.00189905 0.99884 -0.0481248 -0.00613466 0.0481123 0.998823 0.999979 0.00219205 0.00603618 0.0302811 0.178296 0.00825166 -0.4014 
1 0.00189971 -0.99884 0.0481248 -0.00613466 0.0481123 0.998823 -0.999979 -0.0021927 -0.00603615 -0.03033 0.178298 0.00291097 -0.4014 
1 0.00142261 0.840973 -0.541076 -0.00626232 0.541073 0.840952 0.999979 0.00219205 0.00603618 -0.0629207 0.16955 0.00825167 -0.4014 
1 -0.00142195 -0.840973 0.541076 -0.00626232 0.541073 0.840952 -0.999979 -0.0021926 -0.00603582 0.0628796 0.169577 0.00291103 -0.4014 
1 0.0043631 0.457781 -0.889054 -0.0047121 0.889062 0.457762 0.999979 0.00219205 0.00603618 -0.139264 0.115376 0.00825166 -0.4014 
1 -0.00436245 -0.457781 0.889054 -0.0047121 0.889062 0.457762 -0.999979 -0.00219235 -0.0060356 0.139264 0.115376 -0.00825181 -0.4014 
