1 0.999988 0.00318131 -0.00375297 -0.00307531 0.999605 0.0279194 0.00384031 -0.0279075 0.999603 -0.00287393 0.0396793 0.188869 -0.359667  
1 0.999988 0.00318131 -0.00375297 -0.00458342 0.879645 -0.475609 0.00178823 0.475621 0.879649 -0.00287393 -0.0600687 0.183406 -0.359667  
1 0.999988 0.00318131 -0.00375297 -0.00486349 0.523998 -0.851706 -0.000742988 0.851714 0.524007 -0.00287393 -0.143722 0.128803 -0.359667  
1 0.999988 0.00318131 -0.00375297 -0.00384046 0.0279538 -0.999602 -0.00307513 0.999604 0.0279657 -0.00287393 -0.188868 0.0396882 -0.359667  
1 0.999988 0.00318131 -0.00375297 -0.00178844 -0.47558 -0.879671 -0.00458334 0.879667 -0.475568 -0.00287393 -0.183409 -0.0600604 -0.359667  
1 0.999988 0.00318131 -0.00375297 0.000742762 -0.85169 -0.524046 -0.00486352 0.524037 -0.851682 -0.00287393 -0.128809 -0.143716 -0.359667  
1 0.999988 0.00318131 -0.00375297 0.00307495 -0.999603 -0.028012 -0.0038406 0.0280001 -0.999601 -0.00287393 -0.0396968 -0.188866 -0.359667  
1 0.999988 0.00318131 -0.00375297 0.00458326 -0.879689 0.475528 -0.00178865 -0.475539 -0.879693 -0.00287393 0.0600516 -0.183411 -0.359667  
1 0.999988 0.00318131 -0.00375297 0.00486356 -0.524077 0.851657 0.000742537 -0.851665 -0.524086 -0.00287393 0.14371 -0.128816 -0.359667  
1 0.999988 0.00318131 -0.00375297 0.00384074 -0.0280464 0.999599 0.00307477 -0.999602 -0.0280583 -0.00287393 0.188863 -0.0397056 -0.359667  
1 0.999988 0.00318131 -0.00375297 0.00178886 0.475498 0.879715 0.00458318 -0.879711 0.475487 -0.00287393 0.183414 0.0600434 -0.359667  
1 0.999988 0.00318131 -0.00375297 -0.000742312 0.851641 0.524125 0.00486359 -0.524116 0.851633 -0.00287393 0.128822 0.143704 -0.359667  
