1 0.000275705 0.00172448 -0.999998 0.00113633 0.999998 0.00172479 0.999999 -0.00113681 0.000273745 -0.209855 0.0327514 -0.010103 -0.5234 
1 -0.000275051 -0.00172448 0.999998 0.00113633 0.999998 0.00172479 -0.999999 0.00113681 -0.000273091 0.209855 0.0327514 0.0101031 -0.5234 
1 -0.00113632 -0.999998 -0.00177111 0.000275758 0.0017708 -0.999998 0.999999 -0.00113681 0.000273745 -0.0327612 -0.209854 -0.010103 -0.5234 
1 0.00113697 0.999998 0.00177112 0.000275758 0.0017708 -0.999998 -0.999999 0.00113746 -0.000273744 0.0327611 -0.209854 0.0101029 -0.5234 
1 -0.00027581 -0.00181713 0.999998 -0.00113631 -0.999998 -0.00181744 0.999999 -0.00113681 0.000273745 0.209852 -0.0327708 -0.010103 -0.5234 
1 0.000276464 0.00181713 -0.999998 -0.00113631 -0.999998 -0.00181744 -0.999999 0.00113681 -0.000274398 -0.209852 -0.0327708 0.0101028 -0.5234 
1 0.00113629 0.999998 0.00186377 -0.000275863 -0.00186346 0.999998 0.999999 -0.00113681 0.000273745 0.0327806 0.209851 -0.010103 -0.5234 
1 -0.00113564 -0.999998 -0.00186377 -0.000275863 -0.00186346 0.999998 -0.999999 0.00113615 -0.000273746 -0.0327806 0.209851 0.0101029 -0.5234 
