1 0.0153328 -0.999838 -0.00947754 0.997305 0.0159727 -0.0716066 0.0717463 -0.00835407 0.997388 0.0215313 -0.0260711 0.221161 -0.241667 
1 -0.0126296 0.999904 -0.00577307 -0.997297 -0.0130142 -0.0723142 -0.0723823 0.00484417 0.997365 -0.0277966 -0.0112106 0.221501 -0.255667 
1 -0.0162225 -0.999842 0.00726664 -0.997286 0.0167021 0.0716996 -0.0718097 -0.00608378 -0.9974 0.0264176 0.0219235 -0.220486 -0.241667 
1 -0.00101841 0.999981 -0.00614357 0.999185 0.000769612 -0.0403641 -0.0403586 -0.00617966 -0.999166 -0.0260921 -0.0154269 -0.221075 -0.239667 
