image: map_coi_f1_b.png
resolution: 0.050000
origin: [-88.300000, -75.300000, 0.000000]
negate: 0
occupied_thresh: 0.65
free_thresh: 0.1
