1 0.000260195 -0.0533675 -0.998575 0.0008412 0.998575 -0.0533673 1 -0.000826115 0.000304717 -0.202832 0.0213849 0.0160387 -0.4168 
1 -0.000259542 0.0533675 0.998575 0.0008412 0.998575 -0.0533673 -1 0.00082615 -0.000304065 0.202831 0.021385 -0.0160388 -0.4168  
1 -0.000195251 -0.545492 -0.838116 0.000858601 0.838116 -0.545492 1 -0.000826115 0.000304717 -0.186351 -0.0828934 0.0160387 -0.4168  
1 0.000195904 0.545492 0.838116 0.000858601 0.838116 -0.545492 -1 0.000826471 -0.00030417 0.186351 -0.0828934 -0.0160388 -0.4168  
1 -0.000598382 -0.891461 -0.453098 0.000645954 0.453097 -0.891461 1 -0.000826115 0.000304717 -0.119941 -0.164961 0.0160387 -0.4168  
1 0.000599036 0.891461 0.453098 0.000645954 0.453097 -0.891461 -1 0.000826697 -0.000304421 0.119941 -0.164961 -0.0160387 -0.4168  
1 -0.000841187 -0.998577 0.053321 0.000260234 -0.0533213 -0.998577 1 -0.000826115 0.000304717 -0.0213944 -0.20283 0.0160387 -0.4168  
1 0.000841841 0.998577 -0.053321 0.000260234 -0.0533213 -0.998577 -1 0.000826767 -0.000304752 0.0213944 -0.20283 -0.0160386 -0.4168  
1 -0.00085861 -0.838141 0.545453 -0.000195211 -0.545453 -0.838141 1 -0.000826115 0.000304717 0.0828845 -0.186354 0.0160387 -0.4168  
1 0.000859264 0.838141 -0.545453 -0.000195211 -0.545453 -0.838141 -1 0.000826663 -0.000305074 -0.0828844 -0.186354 -0.0160386 -0.4168  
1 -0.000645982 -0.453139 0.89144 -0.000598353 -0.89144 -0.453139 1 -0.000826115 0.000304717 0.164956 -0.119949 0.0160387 -0.4168  
1 0.000646635 0.453139 -0.89144 -0.000598353 -0.89144 -0.453139 -1 0.000826411 -0.0003053 -0.164956 -0.119949 -0.0160386 -0.4168  
1 -0.000260273 0.053275 0.99858 -0.000841175 -0.99858 0.0532748 1 -0.000826115 0.000304717 0.202829 -0.0214038 0.0160387 -0.4168  
1 0.000260927 -0.053275 -0.99858 -0.000841175 -0.99858 0.0532748 -1 0.00082608 -0.00030537 -0.202829 -0.0214038 -0.0160386 -0.4168  
1 0.000195171 0.545414 0.838167 -0.000858619 -0.838166 0.545414 1 -0.000826115 0.000304717 0.186358 0.0828755 0.0160387 -0.4168  
1 -0.000194517 -0.545414 -0.838167 -0.000858619 -0.838166 0.545414 -1 0.000825758 -0.000305265 -0.186358 0.0828755 -0.0160386 -0.4168  
1 0.000598323 0.891419 0.45318 -0.00064601 -0.45318 0.891419 1 -0.000826115 0.000304717 0.119956 0.16495 0.0160387 -0.4168  
1 -0.000597669 -0.891419 -0.45318 -0.00064601 -0.45318 0.891419 -1 0.000825532 -0.000305014 -0.119956 0.16495 -0.0160387 -0.4168  
1 0.000841163 0.998582 -0.0532285 -0.000260312 0.0532287 0.998582 1 -0.000826115 0.000304717 0.0214132 0.202828 0.0160387 -0.4168  
1 -0.00084051 -0.998582 0.0532285 -0.000260312 0.0532287 0.998582 -1 0.000825462 -0.000304683 -0.0214132 0.202828 -0.0160388 -0.4168  
1 0.000858628 0.838191 -0.545375 0.000195131 0.545375 0.838192 1 -0.000826115 0.000304717 -0.0828675 0.186362 0.0160387 -0.4168  
1 -0.000857974 -0.838191 0.545375 0.000195131 0.545375 0.838192 -1 0.000825567 -0.000304361 0.0828675 0.186362 -0.0160388 -0.4168  
1 0.000646037 0.453221 -0.891398 0.000598293 0.891398 0.453221 1 -0.000826115 0.000304717 -0.164945 0.119964 0.0160387 -0.4168  
1 -0.000645384 -0.453221 0.891398 0.000598293 0.891398 0.453221 -1 0.000825819 -0.000304135 0.164945 0.119964 -0.0160389 -0.4168  
