1 0.00682034 -0.998699 0.0505293 -0.00236173 -0.0505464 -0.998719 0.999974 0.00669227 -0.0027034 0.0491958 -0.187767 0.0724249 -0.538 
1 0.0071992 -0.951589 0.307288 -0.000516075 -0.307299 -0.951613 0.999974 0.00669227 -0.0027034 0.0961159 -0.168637 0.0724249 -0.538 
1 0.00708748 -0.839634 0.543106 0.00136475 -0.543111 -0.83966 0.999974 0.00669227 -0.0027034 0.136486 -0.138015 0.0724249 -0.538 
1 0.00649278 -0.670463 0.741915 0.00315257 -0.741913 -0.670489 0.999974 0.00669227 -0.0027034 0.167556 -0.0979886 0.0724249 -0.538 
1 0.00545563 -0.455603 0.890167 0.00472556 -0.890158 -0.455627 0.999974 0.00669227 -0.0027034 0.187207 -0.0512845 0.0724249 -0.538 
1 0.00404672 -0.209696 0.977758 0.00597653 -0.977744 -0.209718 0.999974 0.00669227 -0.0027034 0.194102 -0.00108568 0.0724249 -0.538 
1 0.00236204 0.0505001 0.998721 0.00682023 -0.998702 0.050483 0.999974 0.00669227 -0.0027034 0.187769 0.0491871 0.0724249 -0.538 
1 0.000516408 0.307255 0.951627 0.00719918 -0.951604 0.307244 0.999974 0.00669227 -0.0027034 0.168642 0.0961081 0.0724249 -0.538 
1 -0.00136442 0.543072 0.839685 0.00708754 -0.839659 0.543067 0.999974 0.00669227 -0.0027034 0.138022 0.13648 0.0724249 -0.538 
1 -0.00315227 0.741882 0.670523 0.00649292 -0.670497 0.741884 0.999974 0.00669227 -0.0027034 0.0979964 0.167551 0.0724249 -0.538 
1 -0.00472531 0.890137 0.455669 0.00545585 -0.455644 0.890145 0.999974 0.00669227 -0.0027034 0.0512932 0.187205 0.0724249 -0.538 
1 -0.00597634 0.977734 0.209763 0.004047 -0.209741 0.977749 0.999974 0.00669227 -0.0027034 0.00109467 0.194102 0.0724249 -0.538 
1 -0.00682013 0.998704 -0.0504367 0.00236236 0.0504539 0.998724 0.999974 0.00669227 -0.0027034 -0.0491784 0.187772 0.0724249 -0.538 
1 -0.00719916 0.951618 -0.307199 0.000516742 0.307211 0.951641 0.999974 0.00669227 -0.0027034 -0.0961003 0.168646 0.0724249 -0.538 
1 -0.0070876 0.839684 -0.543028 -0.00136409 0.543033 0.83971 0.999974 0.00669227 -0.0027034 -0.136473 0.138028 0.0724249 -0.538 
1 -0.00649307 0.670531 -0.741853 -0.00315197 0.741851 0.670557 0.999974 0.00669227 -0.0027034 -0.167547 0.0980041 0.0724249 -0.538 
1 -0.00545607 0.455685 -0.890124 -0.00472505 0.890116 0.45571 0.999974 0.00669227 -0.0027034 -0.187203 0.0513019 0.0724249 -0.538 
1 -0.00404727 0.209787 -0.977739 -0.00597616 0.977724 0.209808 0.999974 0.00669227 -0.0027034 -0.194102 0.00110367 0.0724249 -0.538 
1 -0.00236268 -0.0504076 -0.998726 -0.00682002 0.998706 -0.0503905 0.999974 0.00669227 -0.0027034 -0.187774 -0.0491697 0.0724249 -0.538 
1 -0.000517075 -0.307167 -0.951656 -0.00719913 0.951632 -0.307155 0.999974 0.00669227 -0.0027034 -0.16865 -0.0960925 0.0724249 -0.538 
1 0.00136376 -0.542994 -0.839735 -0.00708767 0.83971 -0.542989 0.999974 0.00669227 -0.0027034 -0.138034 -0.136467 0.0724249 -0.538 
1 0.00315166 -0.74182 -0.670592 -0.00649322 0.670566 -0.741822 0.999974 0.00669227 -0.0027034 -0.0980119 -0.167542 0.0724249 -0.538 
1 0.0047248 -0.890095 -0.455751 -0.00545629 0.455726 -0.890103 0.999974 0.00669227 -0.0027034 -0.0513105 -0.1872 0.0724249 -0.538 
1 0.00597597 -0.977715 -0.209854 -0.00404755 0.209832 -0.977729 0.999974 0.00669227 -0.0027034 -0.00111266 -0.194102 0.0724249 -0.538 
1 0.00681991 -0.998709 0.0503442 -0.00236299 -0.0503613 -0.998728 0.999974 0.00669227 -0.0027034 0.049161 -0.187776 0.0724249 -0.538 
1 0.0054322 -0.0489638 -0.998786 -0.00227751 0.998797 -0.0489767 0.999983 0.00254079 0.00531415 -0.187691 -0.0483601 0.0741482 -0.534 
1 0.00583656 -0.305796 -0.952079 -0.000793993 0.952094 -0.305805 0.999983 0.00254079 0.00531415 -0.16878 -0.095289 0.0741482 -0.534 
1 0.00584319 -0.54179 -0.840494 0.000743629 0.84051 -0.541795 0.999983 0.00254079 0.00531415 -0.138367 -0.135725 0.0741482 -0.534 
1 0.00545164 -0.740863 -0.671634 0.00223058 0.671651 -0.740864 0.999983 0.00254079 0.00531415 -0.0985259 -0.166911 0.0741482 -0.534 
1 0.00468859 -0.889452 -0.457005 0.00356552 0.457022 -0.889448 0.999983 0.00254079 0.00531415 -0.0519704 -0.186724 0.0741482 -0.534 
1 0.00360604 -0.977429 -0.211235 0.0046575 0.21125 -0.977421 0.999983 0.00254079 0.00531415 -0.00187333 -0.193812 0.0741482 -0.534 
1 0.00227776 -0.9988 0.0489305 0.00543209 -0.0489175 -0.998788 0.999983 0.00254079 0.00531415 0.0483514 -0.187694 0.0741482 -0.534 
1 0.000794263 -0.952108 0.305761 0.00583652 -0.305752 -0.952093 0.999983 0.00254079 0.00531415 0.0952812 -0.168785 0.0741482 -0.534 
1 -0.000743358 -0.840535 0.541756 0.00584322 -0.541751 -0.840519 0.999983 0.00254079 0.00531415 0.135718 -0.138374 0.0741482 -0.534 
1 -0.00223032 -0.671685 0.740833 0.00545174 -0.740832 -0.671668 0.999983 0.00254079 0.00531415 0.166907 -0.0985337 0.0741482 -0.534 
1 -0.00356531 -0.457063 0.889427 0.00468875 -0.88943 -0.457046 0.999983 0.00254079 0.00531415 0.186721 -0.051979 0.0741482 -0.534 
1 -0.00465733 -0.211295 0.977411 0.00360626 -0.977419 -0.21128 0.999983 0.00254079 0.00531415 0.193812 -0.00188231 0.0741482 -0.534 
1 -0.00543199 0.0488713 0.99879 0.00227801 -0.998802 0.0488842 0.999983 0.00254079 0.00531415 0.187696 0.0483427 0.0741482 -0.534 
1 -0.00583648 0.305708 0.952108 0.000794534 -0.952122 0.305717 0.999983 0.00254079 0.00531415 0.168789 0.0952734 0.0741482 -0.534 
1 -0.00584326 0.541712 0.840544 -0.000743087 -0.840561 0.541717 0.999983 0.00254079 0.00531415 0.13838 0.135712 0.0741482 -0.534 
1 -0.00545184 0.740801 0.671702 -0.00223007 -0.67172 0.740802 0.999983 0.00254079 0.00531415 0.0985414 0.166902 0.0741482 -0.534 
1 -0.00468892 0.889409 0.457088 -0.00356509 -0.457105 0.889406 0.999983 0.00254079 0.00531415 0.0519877 0.186719 0.0741482 -0.534 
1 -0.00360647 0.977409 0.211325 -0.00465716 -0.211341 0.977401 0.999983 0.00254079 0.00531415 0.00189129 0.193812 0.0741482 -0.534 
1 -0.00227826 0.998804 -0.0488379 -0.00543188 0.048825 0.998793 0.999983 0.00254079 0.00531415 -0.048334 0.187698 0.0741482 -0.534 
1 -0.000794804 0.952136 -0.305673 -0.00583645 0.305663 0.952122 0.999983 0.00254079 0.00531415 -0.0952656 0.168793 0.0741482 -0.534 
1 0.000742817 0.840586 -0.541678 -0.00584329 0.541673 0.840569 0.999983 0.00254079 0.00531415 -0.135705 0.138386 0.0741482 -0.534 
1 0.00222982 0.671754 -0.740771 -0.00545195 0.74077 0.671737 0.999983 0.00254079 0.00531415 -0.166898 0.0985491 0.0741482 -0.534 
1 0.00356487 0.457146 -0.889385 -0.00468908 0.889388 0.457129 0.999983 0.00254079 0.00531415 -0.186717 0.0519963 0.0741482 -0.534 
1 0.004657 0.211386 -0.977392 -0.00360669 0.977399 0.21137 0.999983 0.00254079 0.00531415 -0.193812 0.00190027 0.0741482 -0.534 
1 0.00543178 -0.0487787 -0.998795 -0.00227851 0.998806 -0.0487917 0.999983 0.00254079 0.00531415 -0.1877 -0.0483253 0.0741482 -0.534 
1 0.00542372 -0.0491696 -0.998776 -0.00279127 0.998786 -0.0491852 0.999981 0.00305462 0.00527989 -0.187693 -0.0483601 0.0741524 -0.534 
1 0.00596133 -0.305992 -0.952016 -0.00129244 0.952029 -0.306004 0.999981 0.00305462 0.00527989 -0.168782 -0.0952896 0.0741524 -0.534 
1 0.00609272 -0.541962 -0.840381 0.000294458 0.840397 -0.541971 0.999981 0.00305462 0.00527989 -0.138369 -0.135726 0.0741524 -0.534 
1 0.00580891 -0.741001 -0.671479 0.00186129 0.671497 -0.741005 0.999981 0.00305462 0.00527989 -0.0985272 -0.166913 0.0741524 -0.534 
1 0.00512927 -0.889545 -0.45682 0.00330129 0.456838 -0.889544 0.999981 0.00305462 0.00527989 -0.0519713 -0.186726 0.0741524 -0.534 
1 0.00410009 -0.977471 -0.211031 0.00451632 0.211048 -0.977465 0.999981 0.00305462 0.00527989 -0.00187375 -0.193814 0.0741524 -0.534 
1 0.00279152 -0.998788 0.049139 0.00542359 -0.0491233 -0.998778 0.999981 0.00305462 0.00527989 0.0483514 -0.187695 0.0741524 -0.534 
1 0.00129272 -0.952043 0.30596 0.00596127 -0.305948 -0.95203 0.999981 0.00305462 0.00527989 0.0952818 -0.168786 0.0741524 -0.534 
1 -0.000294176 -0.840423 0.541932 0.00609273 -0.541923 -0.840406 0.999981 0.00305462 0.00527989 0.135719 -0.138375 0.0741524 -0.534 
1 -0.00186102 -0.671532 0.740974 0.005809 -0.74097 -0.671513 0.999981 0.00305462 0.00527989 0.166908 -0.098535 0.0741524 -0.534 
1 -0.00330105 -0.456879 0.889522 0.00512942 -0.889523 -0.456861 0.999981 0.00305462 0.00527989 0.186723 -0.0519799 0.0741524 -0.534 
1 -0.00451613 -0.211094 0.977455 0.0041003 -0.977461 -0.211076 0.999981 0.00305462 0.00527989 0.193814 -0.00188273 0.0741524 -0.534 
1 -0.00542346 0.0490771 0.99878 0.00279177 -0.99879 0.0490927 0.999981 0.00305462 0.00527989 0.187698 0.0483427 0.0741524 -0.534 
1 -0.00596121 0.305903 0.952044 0.00129299 -0.952058 0.305916 0.999981 0.00305462 0.00527989 0.168791 0.0952739 0.0741524 -0.534 
1 -0.00609274 0.541884 0.840431 -0.000293894 -0.840448 0.541893 0.999981 0.00305462 0.00527989 0.138382 0.135713 0.0741524 -0.534 
1 -0.00580909 0.740939 0.671548 -0.00186075 -0.671566 0.740943 0.999981 0.00305462 0.00527989 0.0985427 0.166904 0.0741524 -0.534 
1 -0.00512957 0.889502 0.456902 -0.00330081 -0.456921 0.889501 0.999981 0.00305462 0.00527989 0.0519886 0.186721 0.0741524 -0.534 
1 -0.00410051 0.977451 0.211121 -0.00451594 -0.211139 0.977446 0.999981 0.00305462 0.00527989 0.00189171 0.193814 0.0741524 -0.534 
1 -0.00279202 0.998793 -0.0490464 -0.00542333 0.0490308 0.998783 0.999981 0.00305462 0.00527989 -0.0483341 0.1877 0.0741524 -0.534 
1 -0.00129327 0.952072 -0.305872 -0.00596115 0.305859 0.952058 0.999981 0.00305462 0.00527989 -0.0952661 0.168795 0.0741524 -0.534 
1 0.000293611 0.840473 -0.541854 -0.00609276 0.541845 0.840456 0.999981 0.00305462 0.00527989 -0.135706 0.138388 0.0741524 -0.534 
1 0.00186048 0.6716 -0.740911 -0.00580917 0.740907 0.671582 0.999981 0.00305462 0.00527989 -0.166899 0.0985504 0.0741524 -0.534 
1 0.00330057 0.456962 -0.88948 -0.00512973 0.889481 0.456943 0.999981 0.00305462 0.00527989 -0.186718 0.0519972 0.0741524 -0.534 
1 0.00451575 0.211184 -0.977436 -0.00410072 0.977442 0.211166 0.999981 0.00305462 0.00527989 -0.193814 0.00190069 0.0741524 -0.534 
1 0.0054232 -0.0489845 -0.998785 -0.00279227 0.998795 -0.0490002 0.999981 0.00305462 0.00527989 -0.187702 -0.0483254 0.0741524 -0.534 
