image: map_957.png
resolution: 0.0500000
origin: [0.00, 0.00000, 0.0000000]
negate: 0
occupied_thresh: 0.65
free_thresh: 0.1
