image: map_bsen.png
resolution: 0.0500000
origin: [1.700, -1.00000, 0.0000000]
negate: 0
occupied_thresh: 0.65
free_thresh: 0.1
