1 0.000260195 -0.0533675 -0.998575 0.0008412 0.998575 -0.0533673 1 -0.000826115 0.000304717 -0.199399 -0.042855 0.01609185 -0.359667 
1 -0.000259542 0.0533675 0.998575 0.0008412 0.998575 -0.0533673 -1 0.00082615 -0.000304065 0.199398 -0.042855 -0.01609198 -0.359667 
1 -0.000195251 -0.545492 -0.838116 0.000858601 0.838116 -0.545492 1 -0.000826115 0.000304717 -0.151259 -0.13681 0.01609185 -0.359667 
1 0.000195904 0.545492 0.838116 0.000858601 0.838116 -0.545492 -1 0.000826471 -0.00030417 0.151259 -0.13681 -0.01609195 -0.359667 
1 -0.000598382 -0.891461 -0.453098 0.000645954 0.453097 -0.891461 1 -0.000826115 0.000304717 -0.0625917 -0.19411 0.01609185 -0.359667 
1 0.000599036 0.891461 0.453098 0.000645954 0.453097 -0.891461 -1 0.000826697 -0.000304421 0.0625917 -0.19411 -0.01609189 -0.359667 
1 -0.000841187 -0.998577 0.053321 0.000260234 -0.0533213 -0.998577 1 -0.000826115 0.000304717 0.0428458 -0.1994 0.01609185 -0.359667 
1 0.000841841 0.998577 -0.053321 0.000260234 -0.0533213 -0.998577 -1 0.000826767 -0.000304752 -0.0428458 -0.1994 -0.01609182 -0.359667 
1 -0.00085861 -0.838141 0.545453 -0.000195211 -0.545453 -0.838141 1 -0.000826115 0.000304717 0.136803 -0.151265 0.01609185 -0.359667 
1 0.000859264 0.838141 -0.545453 -0.000195211 -0.545453 -0.838141 -1 0.000826663 -0.000305074 -0.136803 -0.151265 -0.01609176 -0.359667 
1 -0.000645982 -0.453139 0.89144 -0.000598353 -0.89144 -0.453139 1 -0.000826115 0.000304717 0.194107 -0.0626007 0.01609185 -0.359667 
1 0.000646635 0.453139 -0.89144 -0.000598353 -0.89144 -0.453139 -1 0.000826411 -0.0003053 -0.194107 -0.0626007 -0.01609172 -0.359667 
1 -0.000260273 0.053275 0.99858 -0.000841175 -0.99858 0.0532748 1 -0.000826115 0.000304717 0.199402 0.0428365 0.01609185 -0.359667 
1 0.000260927 -0.053275 -0.99858 -0.000841175 -0.99858 0.0532748 -1 0.00082608 -0.00030537 -0.199402 0.0428365 -0.01609172 -0.359667 
1 0.000195171 0.545414 0.838167 -0.000858619 -0.838166 0.545414 1 -0.000826115 0.000304717 0.151271 0.136796 0.01609185 -0.359667 
1 -0.000194517 -0.545414 -0.838167 -0.000858619 -0.838166 0.545414 -1 0.000825758 -0.000305265 -0.151271 0.136796 -0.01609175 -0.359667 
1 0.000598323 0.891419 0.45318 -0.00064601 -0.45318 0.891419 1 -0.000826115 0.000304717 0.0626097 0.194104 0.01609185 -0.359667 
1 -0.000597669 -0.891419 -0.45318 -0.00064601 -0.45318 0.891419 -1 0.000825532 -0.000305014 -0.0626097 0.194104 -0.01609181 -0.359667 
1 0.000841163 0.998582 -0.0532285 -0.000260312 0.0532287 0.998582 1 -0.000826115 0.000304717 -0.0428273 0.199404 0.01609185 -0.359667 
1 -0.00084051 -0.998582 0.0532285 -0.000260312 0.0532287 0.998582 -1 0.000825462 -0.000304683 0.0428273 0.199404 -0.01609188 -0.359667 
1 0.000858628 0.838191 -0.545375 0.000195131 0.545375 0.838192 1 -0.000826115 0.000304717 -0.136789 0.151278 0.01609185 -0.359667 
1 -0.000857974 -0.838191 0.545375 0.000195131 0.545375 0.838192 -1 0.000825567 -0.000304361 0.136789 0.151278 -0.01609194 -0.359667 
1 0.000646037 0.453221 -0.891398 0.000598293 0.891398 0.453221 1 -0.000826115 0.000304717 -0.194101 0.0626187 0.01609185 -0.359667 
1 -0.000645384 -0.453221 0.891398 0.000598293 0.891398 0.453221 -1 0.000825819 -0.000304135 0.194101 0.0626187 -0.01609197 -0.359667 
