1 -0.0222302 -0.999749 0.00283901 0.998686 -0.0220752 0.0462566 -0.0461823 0.00386357 0.998926 0.0359483 -0.00245076 0.221166 -0.399667 
1 0.0226741 0.99974 -0.00234158 -0.996767 0.0227871 0.0770468 0.0770802 0.000587041 0.997025 -0.0359483 0.0296659 0.219181 -0.399667 
1 -0.0231185 -0.999731 0.00184332 -0.999455 0.0230686 -0.0236146 0.0235657 -0.00238824 -0.999719 0.0359483 0.00748436 -0.221053 -0.399667 
1 -0.0236479 -0.999708 0.00492411 -0.997988 0.0233168 -0.0589631 0.058831 -0.00630856 -0.998248 0.0367396 -0.000323281 -0.22105 -0.399667 
