1 0.00404095 -0.912521 -0.40901 -0.000685431 0.409011 -0.912529 0.999992 0.00396784 0.00102732 -0.0436099 -0.193472 -0.0100173 -0.481667 
1 0.00384231 -0.994773 0.102036 0.00142682 -0.102031 -0.99478 0.999992 0.00396784 0.00102732 0.0589658 -0.189358 -0.0100173 -0.481667 
1 0.00261417 -0.810492 0.585743 0.00315677 -0.585736 -0.810496 0.999992 0.00396784 0.00102732 0.145743 -0.134508 -0.0100173 -0.481667 
1 0.000685618 -0.409053 0.91251 0.00404092 -0.912502 -0.409052 0.999992 0.00396784 0.00102732 0.19347 -0.0436189 -0.0100173 -0.481667 
1 -0.00142664 0.101985 0.994785 0.00384237 -0.994778 0.10199 0.999992 0.00396784 0.00102732 0.18936 0.058957 -0.0100173 -0.481667 
1 -0.00315665 0.585698 0.810523 0.00261432 -0.810519 0.585706 0.999992 0.00396784 0.00102732 0.134515 0.145736 -0.0100173 -0.481667 
1 -0.00404089 0.912483 0.409095 0.000685805 -0.409095 0.912491 0.999992 0.00396784 0.00102732 0.0436278 0.193468 -0.0100173 -0.481667 
1 -0.00384244 0.994783 -0.101944 -0.00142646 0.101939 0.99479 0.999992 0.00396784 0.00102732 -0.0589482 0.189363 -0.0100173 -0.481667 
1 -0.00261447 0.810547 -0.585668 -0.00315653 0.585661 0.81055 0.999992 0.00396784 0.00102732 -0.14573 0.134521 -0.0100173 -0.481667 
1 -0.000685992 0.409138 -0.912472 -0.00404086 0.912464 0.409137 0.999992 0.00396784 0.00102732 -0.193466 0.0436368 -0.0100173 -0.481667 
1 0.00142628 -0.101893 -0.994794 -0.0038425 0.994787 -0.101898 0.999992 0.00396784 0.00102732 -0.189366 -0.0589395 -0.0100173 -0.481667 
1 0.00315641 -0.585623 -0.810577 -0.00261461 0.810574 -0.585631 0.999992 0.00396784 0.00102732 -0.134528 -0.145724 -0.0100173 -0.481667 
