1 0.999984 -0.00390348 0.00416477 0.00559183 0.523389 -0.852075 0.00114626 0.852085 0.523403 -0.00280971 0.12778 -0.0784702 -0.0298 0.0278 
1 -0.999984 0.00390404 -0.00416443 0.00559183 0.523389 -0.852075 -0.00114692 -0.852085 -0.523403 0.00280966 0.12778 0.0784702 -0.0298 0.0278 
1 0.999984 -0.00390348 0.00416477 0.00180339 -0.476205 -0.879332 0.00541574 0.879326 -0.47619 -0.00280971 0.13185 0.0714218 -0.0298 0.0278 
1 -0.999984 0.00390406 -0.00416508 0.00180339 -0.476205 -0.879332 -0.0054164 -0.879326 0.47619 0.00280975 0.13185 -0.0714218 -0.0298 0.0278 
1 0.999984 -0.00390348 0.00416477 -0.00378834 -0.99962 -0.0273041 0.00426977 0.0272878 -0.999618 -0.00280971 0.00407632 0.149896 -0.0298 0.0278 
1 -0.999984 0.0039035 -0.00416543 -0.00378834 -0.99962 -0.0273041 -0.00427043 -0.0272878 0.999618 0.00280981 0.00407632 -0.149896 -0.0298 0.0278 
1 0.999984 -0.00390348 0.00416477 -0.00559194 -0.523468 0.852027 -0.00114574 -0.852036 -0.523482 -0.00280971 -0.127773 0.0784821 -0.0298 0.0278 
1 -0.999984 0.00390292 -0.00416512 -0.00559194 -0.523468 0.852027 0.00114509 0.852036 0.523482 0.00280976 -0.127773 -0.0784821 -0.0298 0.0278 
1 0.999984 -0.00390348 0.00416477 -0.00180389 0.476124 0.879376 -0.00541558 -0.87937 0.476109 -0.00280971 -0.131856 -0.0714096 -0.0298 0.0278 
1 -0.999984 0.00390291 -0.00416446 -0.00180389 0.476124 0.879376 0.00541492 0.87937 -0.476109 0.00280966 -0.131856 0.0714096 -0.0298 0.0278 
1 0.999984 -0.00390348 0.00416477 0.00378795 0.999617 0.0273967 -0.00427012 -0.0273804 0.999616 -0.00280971 -0.00409021 -0.149895 -0.0298 0.0278 
1 -0.999984 0.00390346 -0.00416412 0.00378795 0.999617 0.0273967 0.00426947 0.0273804 -0.999616 0.00280961 -0.00409021 0.149895 -0.0298 0.0278 
