1 0.998485 0.0550281 -0.000161475 0.055028 -0.998485 -0.000234478 -0.000174133 0.000225237 -1 2.01713e-05 -1.36676e-05 0.150501 -0.0264 0.0262 
1 -0.998485 -0.0550281 0.000160821 0.055028 -0.998485 -0.000234478 0.00017348 -0.000225273 1 -2.00729e-05 -1.36676e-05 -0.150501 -0.0264 0.0262 
1 0.837208 0.546885 -2.26067e-05 0.546885 -0.837208 -0.000283801 -0.000174133 0.000225237 -1 2.43026e-05 -1.75122e-06 0.150501 -0.0264 0.0262 
1 -0.837208 -0.546885 2.19531e-05 0.546885 -0.837208 -0.000283801 0.000173586 -0.000225594 1 -2.42043e-05 -1.75122e-06 -0.150501 -0.0264 0.0262 
1 0.451614 0.892213 0.000122318 0.892213 -0.451614 -0.000257084 -0.000174133 0.000225237 -1 2.19225e-05 1.06344e-05 0.150501 -0.0264 0.0262 
1 -0.451614 -0.892213 -0.000122972 0.892213 -0.451614 -0.000257084 0.000173838 -0.00022582 1 -2.18241e-05 1.06344e-05 -0.150501 -0.0264 0.0262 
1 -0.0549818 0.998487 0.00023447 0.998487 0.0549818 -0.000161486 -0.000174133 0.000225237 -1 1.36685e-05 2.01707e-05 0.150501 -0.0264 0.0262 
1 0.0549818 -0.998487 -0.000235124 0.998487 0.0549818 -0.000161486 0.000174169 -0.00022589 1 -1.35702e-05 2.01707e-05 -0.150501 -0.0264 0.0262 
1 -0.546846 0.837233 0.0002838 0.837233 0.546846 -2.26199e-05 -0.000174133 0.000225237 -1 1.75235e-06 2.43026e-05 0.150501 -0.0264 0.0262 
1 0.546846 -0.837233 -0.000284453 0.837233 0.546846 -2.26199e-05 0.00017449 -0.000225784 1 -1.65398e-06 2.43026e-05 -0.150501 -0.0264 0.0262 
1 -0.892192 0.451656 0.00025709 0.451656 0.892192 0.000122307 -0.000174133 0.000225237 -1 -1.06334e-05 2.1923e-05 0.150501 -0.0264 0.0262 
1 0.892192 -0.451656 -0.000257743 0.451656 0.892192 0.000122307 0.000174716 -0.000225532 1 1.07317e-05 2.1923e-05 -0.150501 -0.0264 0.0262 
1 -0.99849 -0.0549356 0.000161497 -0.0549355 0.99849 0.000234463 -0.000174133 0.000225237 -1 -2.017e-05 1.36695e-05 0.150501 -0.0264 0.0262 
1 0.99849 0.0549356 -0.00016215 -0.0549355 0.99849 0.000234463 0.000174786 -0.000225201 1 2.02684e-05 1.36695e-05 -0.150501 -0.0264 0.0262 
1 -0.837258 -0.546808 2.2633e-05 -0.546808 0.837258 0.000283799 -0.000174133 0.000225237 -1 -2.43025e-05 1.75348e-06 0.150501 -0.0264 0.0262 
1 0.837258 0.546808 -2.32866e-05 -0.546808 0.837258 0.000283799 0.00017468 -0.00022488 1 2.44008e-05 1.75348e-06 -0.150501 -0.0264 0.0262 
1 -0.451697 -0.892171 -0.000122295 -0.892171 0.451697 0.000257095 -0.000174133 0.000225237 -1 -2.19235e-05 -1.06323e-05 0.150501 -0.0264 0.0262 
1 0.451697 0.892171 0.000121641 -0.892171 0.451697 0.000257095 0.000174428 -0.000224654 1 2.20218e-05 -1.06323e-05 -0.150501 -0.0264 0.0262 
1 0.0548893 -0.998492 -0.000234455 -0.998492 -0.0548893 0.000161507 -0.000174133 0.000225237 -1 -1.36704e-05 -2.01694e-05 0.150501 -0.0264 0.0262 
1 -0.0548893 0.998492 0.000233802 -0.998492 -0.0548893 0.000161507 0.000174097 -0.000224584 1 1.37688e-05 -2.01694e-05 -0.150501 -0.0264 0.0262 
1 0.546769 -0.837284 -0.000283798 -0.837284 -0.546769 2.26462e-05 -0.000174133 0.000225237 -1 -1.7546e-06 -2.43024e-05 0.150501 -0.0264 0.0262 
1 -0.546769 0.837284 0.000283144 -0.837284 -0.546769 2.26462e-05 0.000173776 -0.00022469 1 1.85297e-06 -2.43024e-05 -0.150501 -0.0264 0.0262 
1 0.89215 -0.451738 -0.000257101 -0.451738 -0.89215 -0.000122283 -0.000174133 0.000225237 -1 1.06313e-05 -2.1924e-05 0.150501 -0.0264 0.0262 
1 -0.89215 0.451738 0.000256447 -0.451738 -0.89215 -0.000122283 0.00017355 -0.000224942 1 -1.0533e-05 -2.1924e-05 -0.150501 -0.0264 0.0262 
1 -0.00030087 0.998453 0.0555988 -0.000540276 0.0555986 -0.998453 -1 -0.000330443 0.000522712 -0.00820793 0.149774 0.000502659 -0.0264 0.0262 
1 0.000300216 -0.998453 -0.0555988 -0.000540276 0.0555986 -0.998453 1 0.00032979 -0.000522749 0.00820793 0.149774 -0.000502653 -0.0264 0.0262 
1 9.56776e-06 0.836895 0.547364 -0.000618328 0.547363 -0.836895 -1 -0.000330443 0.000522712 -0.0819934 0.125605 0.000502659 -0.0264 0.0262 
1 -1.02213e-05 -0.836895 -0.547364 -0.000618328 0.547363 -0.836895 1 0.000329896 -0.00052307 0.0819934 0.125605 -0.000502605 -0.0264 0.0262 
1 0.000317442 0.451104 0.892471 -0.000530709 0.892471 -0.451104 -1 -0.000330443 0.000522712 -0.13381 0.0677829 0.000502659 -0.0264 0.0262 
1 -0.000318095 -0.451104 -0.892471 -0.000530709 0.892471 -0.451104 1 0.000330148 -0.000523296 0.13381 0.0677829 -0.000502571 -0.0264 0.0262 
1 0.000540262 -0.0555523 0.998456 -0.000300895 0.998456 0.0555525 -1 -0.000330443 0.000522712 -0.149774 -0.00820099 0.000502659 -0.0264 0.0262 
1 -0.000540916 0.0555523 -0.998456 -0.000300895 0.998456 0.0555525 1 0.000330479 -0.000523365 0.149774 -0.00820099 -0.000502561 -0.0264 0.0262 
1 0.000618328 -0.547325 0.83692 9.53911e-06 0.83692 0.547325 -1 -0.000330443 0.000522712 -0.125609 -0.0819876 0.000502659 -0.0264 0.0262 
1 -0.000618982 0.547325 -0.83692 9.53911e-06 0.83692 0.547325 1 0.000330801 -0.000523259 0.125609 -0.0819876 -0.000502576 -0.0264 0.0262 
1 0.000530723 -0.89245 0.451145 0.000317417 0.451146 0.89245 -1 -0.000330443 0.000522712 -0.0677891 -0.133807 0.000502659 -0.0264 0.0262 
1 -0.000531377 0.89245 -0.451145 0.000317417 0.451146 0.89245 1 0.000331026 -0.000523007 0.0677891 -0.133807 -0.000502614 -0.0264 0.0262 
1 0.00030092 -0.998458 -0.0555063 0.000540248 -0.0555061 0.998458 -1 -0.000330443 0.000522712 0.00819405 -0.149775 0.000502659 -0.0264 0.0262 
1 -0.000301573 0.998458 0.0555063 0.000540248 -0.0555061 0.998458 1 0.000331095 -0.000522676 -0.00819405 -0.149775 -0.000502664 -0.0264 0.0262 
1 -9.51047e-06 -0.836946 -0.547286 0.000618329 -0.547286 0.836945 -1 -0.000330443 0.000522712 0.0819817 -0.125613 0.000502659 -0.0264 0.0262 
1 8.85688e-06 0.836946 0.547286 0.000618329 -0.547286 0.836945 1 0.00033099 -0.000522355 -0.0819817 -0.125613 -0.000502712 -0.0264 0.0262 
1 -0.000317392 -0.451187 -0.892429 0.000530738 -0.892429 0.451187 -1 -0.000330443 0.000522712 0.133804 -0.0677953 0.000502659 -0.0264 0.0262 
1 0.000316739 0.451187 0.892429 0.000530738 -0.892429 0.451187 1 0.000330738 -0.000522129 -0.133804 -0.0677953 -0.000502746 -0.0264 0.0262 
1 -0.000540234 0.0554598 -0.998461 0.000300945 -0.998461 -0.05546 -1 -0.000330443 0.000522712 0.149775 0.00818711 0.000502659 -0.0264 0.0262 
1 0.000539581 -0.0554598 0.998461 0.000300945 -0.998461 -0.05546 1 0.000330407 -0.00052206 -0.149775 0.00818711 -0.000502756 -0.0264 0.0262 
1 -0.000618329 0.547247 -0.836971 -9.48182e-06 -0.836971 -0.547247 -1 -0.000330443 0.000522712 0.125617 0.0819759 0.000502659 -0.0264 0.0262 
1 0.000617675 -0.547247 0.836971 -9.48182e-06 -0.836971 -0.547247 1 0.000330085 -0.000522165 -0.125617 0.0819759 -0.000502741 -0.0264 0.0262 
1 -0.000530753 0.892408 -0.451228 -0.000317368 -0.451228 -0.892408 -1 -0.000330443 0.000522712 0.0678015 0.133801 0.000502659 -0.0264 0.0262 
1 0.000530099 -0.892408 0.451228 -0.000317368 -0.451228 -0.892408 1 0.00032986 -0.000522417 -0.0678015 0.133801 -0.000502703 -0.0264 0.0262
1 0.706159 0.0387515 0.706993 0.055028 -0.998485 -0.000234478 0.705912 0.03907 -0.707221 -0.106406 -1.36676e-05 0.106435 -0.0264 0.0262 
1 0.706443 0.0383358 0.706731 0.055152 -0.998478 -0.000968169 0.705618 0.0396616 -0.707481 -0.106406 -1.35045e-05 0.106436 -0.0264 0.0308 
1 -0.706442 -0.0383358 -0.706732 0.055152 -0.998478 -0.000968169 -0.705619 -0.0396616 0.707481 0.106406 -1.35045e-05 -0.106436 -0.0264 0.0308 
1 0.584228 0.532425 0.612537 0.400975 -0.845547 0.352518 0.705618 0.0396616 -0.707481 -0.0921446 -0.0532134 0.106436 -0.0264 0.0308 
1 -0.584227 -0.532425 -0.612537 0.400975 -0.845547 0.352518 -0.705619 -0.0396619 0.707481 0.0921447 -0.0532134 -0.106436 -0.0264 0.0308 
1 0.305478 0.88386 0.354223 0.639364 -0.466066 0.611552 0.705618 0.0396616 -0.707481 -0.0531943 -0.0921556 0.106436 -0.0264 0.0308 
1 -0.305478 -0.88386 -0.354223 0.639364 -0.466066 0.611552 -0.705618 -0.0396621 0.707481 0.0531943 -0.0921556 -0.106436 -0.0264 0.0308 
1 -0.0551192 0.998479 0.00100091 0.706445 0.0382896 0.706731 0.705618 0.0396616 -0.707481 8.57506e-06 -0.106406 0.106436 -0.0264 0.0308 
1 0.0551197 -0.998479 -0.00100137 0.706445 0.0382896 0.706731 -0.705618 -0.0396622 0.707481 -8.50549e-06 -0.106406 -0.106436 -0.0264 0.0308 
1 -0.400948 0.845572 -0.352489 0.584246 0.532386 0.612553 0.705618 0.0396616 -0.707481 0.0532091 -0.0921471 0.106436 -0.0264 0.0308 
1 0.400949 -0.845572 0.352489 0.584246 0.532386 0.612553 -0.705618 -0.0396621 0.707482 -0.0532091 -0.0921471 -0.106436 -0.0264 0.0308 
1 -0.63935 0.466107 -0.611536 0.305508 0.883839 0.354251 0.705618 0.0396616 -0.707481 0.0921532 -0.0531985 0.106436 -0.0264 0.0308 
1 0.63935 -0.466107 0.611535 0.305508 0.883839 0.354251 -0.705618 -0.0396619 0.707482 -0.0921531 -0.0531985 -0.106436 -0.0264 0.0308 
1 -0.706448 -0.0382433 -0.706731 -0.0550865 0.998481 0.00103365 0.705618 0.0396616 -0.707481 0.106406 3.6456e-06 0.106436 -0.0264 0.0308 
1 0.706448 0.0382433 0.706731 -0.0550865 0.998481 0.00103365 -0.705618 -0.0396615 0.707482 -0.106406 3.6456e-06 -0.106436 -0.0264 0.0308 
1 -0.584265 -0.532347 -0.612569 -0.400921 0.845597 -0.352461 0.705618 0.0396616 -0.707481 0.0921495 0.0532049 0.106436 -0.0264 0.0308 
1 0.584265 0.532347 0.612569 -0.400921 0.845597 -0.352461 -0.705618 -0.0396612 0.707482 -0.0921494 0.0532049 -0.106436 -0.0264 0.0308 
1 -0.305537 -0.883817 -0.35428 -0.639336 0.466148 -0.611519 0.705618 0.0396616 -0.707481 0.0532028 0.0921507 0.106436 -0.0264 0.0308 
1 0.305538 0.883817 0.354279 -0.639336 0.466148 -0.611519 -0.705618 -0.039661 0.707482 -0.0532027 0.0921507 -0.106436 -0.0264 0.0308 
1 0.0550538 -0.998483 -0.00106639 -0.70645 -0.0381971 -0.706731 0.705618 0.0396616 -0.707481 1.28386e-06 0.106406 0.106436 -0.0264 0.0308 
1 -0.0550533 0.998483 0.00106593 -0.70645 -0.0381971 -0.706731 -0.705618 -0.0396609 0.707481 -1.2143e-06 0.106406 -0.106436 -0.0264 0.0308 
1 0.400894 -0.845621 0.352433 -0.584283 -0.532308 -0.612586 0.705618 0.0396616 -0.707481 -0.0532006 0.092152 0.106436 -0.0264 0.0308 
1 -0.400894 0.845621 -0.352433 -0.584283 -0.532308 -0.612586 -0.705618 -0.039661 0.707481 0.0532007 0.092152 -0.106436 -0.0264 0.0308 
1 0.639321 -0.466189 0.611503 -0.305567 -0.883796 -0.354308 0.705618 0.0396616 -0.707481 -0.0921482 0.0532071 0.106436 -0.0264 0.0308 
1 -0.639321 0.466189 -0.611503 -0.305567 -0.883796 -0.354308 -0.705619 -0.0396613 0.707481 0.0921483 0.0532071 -0.106436 -0.0264 0.0308 
