1 0.00496783 -0.709539 -0.704649 0.00410464 0.704666 -0.709527 0.999979 0.000632482 0.00641306 -0.168225 -0.11264 -0.00579562 -0.6038  
1 -0.00496717 0.709539 0.704649 0.00410464 0.704666 -0.709527 -0.999979 -0.000632018 -0.0064126 0.168225 -0.11264 0.00579575 -0.6038  
1 0.00225004 -0.966808 -0.255495 0.0060386 0.255504 -0.966789 0.999979 0.000632482 0.00641306 -0.0893706 -0.18166 -0.00579562 -0.6038  
1 -0.00224939 0.966808 0.255495 0.0060386 0.255504 -0.966789 -0.999979 -0.00063185 -0.00641289 0.0893706 -0.18166 0.00579567 -0.6038  
1 -0.00107061 -0.965036 0.262114 0.00635462 -0.262116 -0.965016 0.999979 0.000632482 0.00641306 0.0134297 -0.202008 -0.00579562 -0.6038  
1 0.00107126 0.965036 -0.262114 0.00635462 -0.262116 -0.965016 -0.999979 -0.000631851 -0.00641323 -0.0134297 -0.202008 0.00579557 -0.6038  
1 -0.00410441 -0.704699 0.709494 0.00496802 -0.709506 -0.704682 0.999979 0.000632482 0.00641306 0.112632 -0.16823 -0.00579562 -0.6038  
1 0.00410506 0.704699 -0.709494 0.00496802 -0.709506 -0.704682 -0.999979 -0.000632021 -0.00641352 -0.112632 -0.16823 0.00579556 -0.6038  
1 -0.00603849 -0.255549 0.966777 0.00225032 -0.966796 -0.25554 0.999979 0.000632482 0.00641306 0.181655 -0.0893788 -0.00579562 -0.6038  
1 0.00603915 0.255549 -0.966777 0.00225032 -0.966796 -0.25554 -0.999979 -0.000632314 -0.00641369 -0.181655 -0.0893788 0.00579553 -0.6038  
1 -0.00635467 0.262071 0.965028 -0.00107031 -0.965048 0.262069 0.999979 0.000632482 0.00641306 0.202008 0.0134202 -0.00579562 -0.6038  
1 0.00635532 -0.262071 -0.965028 -0.00107031 -0.965048 0.262069 -0.999979 -0.000632653 -0.00641369 -0.202008 0.0134202 0.0057955 -0.6038  
1 -0.00496821 0.709473 0.704715 -0.00410418 -0.704732 0.709462 0.999979 0.000632482 0.00641306 0.168236 0.112623 -0.00579562 -0.6038  
1 0.00496886 -0.709473 -0.704715 -0.00410418 -0.704732 0.709462 -0.999979 -0.000632945 -0.00641352 -0.168236 0.112623 0.00579548 -0.6038  
1 -0.0022506 0.966784 0.255585 -0.00603839 -0.255594 0.966765 0.999979 0.000632482 0.00641306 0.0893876 0.181652 -0.00579562 -0.6038  
1 0.00225125 -0.966784 -0.255585 -0.00603839 -0.255594 0.966765 -0.999979 -0.000633113 -0.00641323 -0.0893876 0.181652 0.00579557 -0.6038  
1 0.00107002 0.965061 -0.262025 -0.00635472 0.262026 0.96504 0.999979 0.000632482 0.00641306 -0.0134107 0.202009 -0.00579562 -0.6038  
1 -0.00106937 -0.965061 0.262025 -0.00635472 0.262026 0.96504 -0.999979 -0.000633112 -0.00641289 0.0134107 0.202009 0.00579567 -0.6038  
1 0.00410395 0.704765 -0.709429 -0.0049684 0.709441 0.704748 0.999979 0.000632482 0.00641306 -0.112616 0.168241 -0.00579562 -0.6038  
1 -0.00410329 -0.704765 0.709429 -0.0049684 0.709441 0.704748 -0.999979 -0.000632942 -0.00641259 0.112616 0.168241 0.00579568 -0.6038  
1 0.00603829 0.255639 -0.966754 -0.00225088 0.966772 0.25563 0.999979 0.000632482 0.00641306 -0.181647 0.089396 -0.00579562 -0.6038  
1 -0.00603763 -0.255639 0.966754 -0.00225088 0.966772 0.25563 -0.999979 -0.000632649 -0.00641243 0.181647 0.089396 0.0057957 -0.6038  
1 0.00635477 -0.261981 -0.965052 0.00106973 0.965073 -0.26198 0.999979 0.000632482 0.00641306 -0.202009 -0.0134011 -0.00579562 -0.6038  
1 -0.00635411 0.261981 0.965052 0.00106973 0.965073 -0.26198 -0.999979 -0.00063231 -0.00641243 0.202009 -0.0134011 0.00579573 -0.6038  
