#image: map.pgm
image: map2.png
resolution: 0.050000
#origin: [-45.000000, -65.000000, 0.000000]
origin: [-46.000000, -13.000000, 0.000000]
occupied_thresh: 0.65
free_thresh: 0.196
negate: 0

