origin_lat: 33.5972109028
origin_lng: 130.2276618282
angle_offset: -3  # deg
scale_offset: 1.086589951425639867420254869
offset_x: -1.89669847488
offset_y: 3.8579647541
