image: map2.png
resolution: 0.83333333
origin: [-84.000000, -84.000000, 0.000000]
negate: 0
occupied_thresh: 0.65
free_thresh: 0.196

