image: map.png
#resolution: 0.050000
resolution: 0.200000
origin: [-160.000000, -48.000000, 0.000000]
occupied_thresh: 0.65
free_thresh: 0.196
negate: 0

