1 0.000275705 0.00172448 -0.999998 0.00113633 0.999998 0.00172479 0.999999 -0.00113681 0.000273745 -0.209967 -0.0320503 -0.0100293 -0.361667 
1 -0.000275051 -0.00172448 0.999998 0.00113633 0.999998 0.00172479 -0.999999 0.00113681 -0.000273091 0.209967 -0.0320503 0.0100294 -0.361667 
1 -0.00113632 -0.999998 -0.00177111 0.000275758 0.0017708 -0.999998 0.999999 -0.00113681 0.000273745 0.0320406 -0.209969 -0.0100293 -0.361667 
1 0.00113697 0.999998 0.00177112 0.000275758 0.0017708 -0.999998 -0.999999 0.00113746 -0.000273744 -0.0320406 -0.209969 0.0100292 -0.361667 
1 -0.00027581 -0.00181713 0.999998 -0.00113631 -0.999998 -0.00181744 0.999999 -0.00113681 0.000273745 0.20997 0.0320308 -0.0100293 -0.361667 
1 0.000276464 0.00181713 -0.999998 -0.00113631 -0.999998 -0.00181744 -0.999999 0.00113681 -0.000274398 -0.20997 0.0320308 0.0100291 -0.361667 
1 0.00113629 0.999998 0.00186377 -0.000275863 -0.00186346 0.999998 0.999999 -0.00113681 0.000273745 -0.0320211 0.209972 -0.0100293 -0.361667 
1 -0.00113564 -0.999998 -0.00186377 -0.000275863 -0.00186346 0.999998 -0.999999 0.00113615 -0.000273746 0.0320211 0.209972 0.0100293 -0.361667 
