1 0.00613493 -0.0482511 -0.998816 -0.0018982 0.998833 -0.0482636 0.999979 0.00219205 0.00603618 -0.174552 -0.0473374 0.00808138 -0.471667 
1 -0.00613427 0.0482511 0.998816 -0.0018982 0.998833 -0.0482636 -0.999979 -0.00219202 -0.00603552 0.174552 -0.0473374 -0.0080815 -0.471667 
1 0.00626213 -0.54119 -0.840877 0.00142348 0.840897 -0.541193 0.999979 0.00219205 0.00603618 -0.127499 -0.128269 0.00808138 -0.471667 
1 -0.00626147 0.54119 0.840877 0.00142348 0.840897 -0.541193 -0.999979 -0.00219169 -0.00603563 0.127499 -0.128269 0.00308147 -0.471667 
1 0.00471149 -0.889126 -0.457638 0.00436376 0.457657 -0.889118 0.999979 0.00219205 0.00603618 -0.0462858 -0.174833 0.00808138 -0.471667 
1 -0.00471084 0.889126 0.457638 0.00436376 0.457657 -0.889118 -0.999979 -0.00219147 -0.00603588 0.0462858 -0.174833 0.00308141 -0.471667 
1 0.00189848 -0.998835 0.0482173 0.00613484 -0.0482049 -0.998819 0.999979 0.00219205 0.00603618 0.0473293 -0.174554 0.00808138 -0.471667 
1 -0.00189783 0.998835 -0.0482173 0.00613484 -0.0482049 -0.998819 -0.999979 -0.00219139 -0.00603621 -0.0473293 -0.174554 0.00308135 -0.471667 
1 -0.00142319 -0.840922 0.541154 0.00626219 -0.541151 -0.840902 0.999979 0.00219205 0.00603618 0.128263 -0.127505 0.00808138 -0.471667 
1 0.00142384 0.840922 -0.541154 0.00626219 -0.541151 -0.840902 -0.999979 -0.0021915 -0.00603653 -0.128263 -0.127505 0.0030813 -0.471667 
1 -0.00436354 -0.457698 0.889097 0.00471169 -0.889105 -0.457679 0.999979 0.00219205 0.00603618 0.174831 -0.0462939 0.00808138 -0.471667 
1 0.00436419 0.457698 -0.889097 0.00471169 -0.889105 -0.457679 -0.999979 -0.00219175 -0.00603676 -0.174831 -0.0462939 0.00308127 -0.471667 
1 -0.00613475 0.0481586 0.998821 0.00189877 -0.998837 0.048171 0.999979 0.00219205 0.00603618 0.174556 0.0473212 0.00808138 -0.471667 
1 0.00613541 -0.0481586 -0.998821 0.00189877 -0.998837 0.048171 -0.999979 -0.00219208 -0.00603683 -0.174556 0.0473212 0.00308127 -0.471667 
1 -0.00626226 0.541112 0.840927 -0.0014229 -0.840948 0.541115 0.999979 0.00219205 0.00603618 0.127511 0.128257 0.00808138 -0.471667 
1 0.00626291 -0.541112 -0.840927 -0.0014229 -0.840948 0.541115 -0.999979 -0.0021924 -0.00603673 -0.127511 0.128257 0.0030813 -0.471667 
1 -0.00471189 0.889084 0.457721 -0.00436332 -0.45774 0.889076 0.999979 0.00219205 0.00603618 0.046302 0.174829 0.00808138 -0.471667 
1 0.00471255 -0.889084 -0.457721 -0.00436332 -0.45774 0.889076 -0.999979 -0.00219263 -0.00603648 -0.046302 0.174829 0.00308135 -0.471667 
1 -0.00189905 0.99884 -0.0481248 -0.00613466 0.0481123 0.998823 0.999979 0.00219205 0.00603618 -0.0473132 0.174558 0.00808138 -0.471667 
1 0.00189971 -0.99884 0.0481248 -0.00613466 0.0481123 0.998823 -0.999979 -0.0021927 -0.00603615 0.0473132 0.174558 0.00308142 -0.471667 
1 0.00142261 0.840973 -0.541076 -0.00626232 0.541073 0.840952 0.999979 0.00219205 0.00603618 -0.128252 0.127517 0.00808138 -0.471667 
1 -0.00142195 -0.840973 0.541076 -0.00626232 0.541073 0.840952 -0.999979 -0.0021926 -0.00603582 0.128252 0.127517 0.00308147 -0.471667 
1 0.0043631 0.457781 -0.889054 -0.0047121 0.889062 0.457762 0.999979 0.00219205 0.00603618 -0.174827 0.0463101 0.00808138 -0.471667 
1 -0.00436245 -0.457781 0.889054 -0.0047121 0.889062 0.457762 -0.999979 -0.00219235 -0.0060356 0.174827 0.0463101 -0.0080815 -0.471667 
