1 0.999988 0.00318131 -0.00375297 -0.00307531 0.999605 0.0279194 0.00384031 -0.0279075 0.999603 -0.0030927 -0.0290609 0.190788 -0.359667 
1 0.999988 0.00318131 -0.00375297 -0.00458342 0.879645 -0.475609 0.00178823 0.475621 0.879649 -0.0030927 -0.120559 0.150699 -0.359667 
1 0.999988 0.00318131 -0.00375297 -0.00486349 0.523998 -0.851706 -0.000742988 0.851714 0.524007 -0.0030927 -0.179756 0.0702323 -0.359667 
1 0.999988 0.00318131 -0.00375297 -0.00384046 0.0279538 -0.999602 -0.00307513 0.999604 0.0279657 -0.0030927 -0.19079 -0.0290521 -0.359667 
1 0.999988 0.00318131 -0.00375297 -0.00178844 -0.47558 -0.879671 -0.00458334 0.879667 -0.475568 -0.0030927 -0.150705 -0.120552 -0.359667 
1 0.999988 0.00318131 -0.00375297 0.000742762 -0.85169 -0.524046 -0.00486352 0.524037 -0.851682 -0.0030927 -0.0702406 -0.179753 -0.359667 
1 0.999988 0.00318131 -0.00375297 0.00307495 -0.999603 -0.028012 -0.0038406 0.0280001 -0.999601 -0.0030927 0.0290432 -0.190791 -0.359667 
1 0.999988 0.00318131 -0.00375297 0.00458326 -0.879689 0.475528 -0.00178865 -0.475539 -0.879693 -0.0030927 0.120545 -0.15071 -0.359667 
1 0.999988 0.00318131 -0.00375297 0.00486356 -0.524077 0.851657 0.000742537 -0.851665 -0.524086 -0.0030927 0.179749 -0.0702489 -0.359667 
1 0.999988 0.00318131 -0.00375297 0.00384074 -0.0280464 0.999599 0.00307477 -0.999602 -0.0280583 -0.0030927 0.190792 0.0290344 -0.359667 
1 0.999988 0.00318131 -0.00375297 0.00178886 0.475498 0.879715 0.00458318 -0.879711 0.475487 -0.0030927 0.150716 0.120538 -0.359667 
1 0.999988 0.00318131 -0.00375297 -0.000742312 0.851641 0.524125 0.00486359 -0.524116 0.851633 -0.0030927 0.0702572 0.179746 -0.359667 
