image: map_coi_f1.png
resolution: 0.050000
origin: [-77.800000, -66.700000, 0.000000]
negate: 0
occupied_thresh: 0.65
free_thresh: 0.1
