1 0.00159265 0.999997 -0.00159265 -2.53654e-06 -0.00159265 -0.999999 -0.999999 0.00159265 4.44089e-16 -0.000882632 -0.0331889 0.00190292 0 0 
1 0.00153904 0.966338 0.257273 0.000409746 0.257273 -0.966339 -0.999999 0.00159265 4.44089e-16 0.00773711 -0.0322865 0.00190292 0 0 
1 0.00138056 0.866827 0.498607 0.000794107 0.498606 -0.866828 -0.999999 0.00159265 4.44089e-16 0.0158296 -0.029184 0.00190292 0 0 
1 0.00112799 0.708248 0.705963 0.00112435 0.705962 -0.708248 -0.999999 0.00159265 4.44089e-16 0.0228434 -0.0240927 0.00190292 0 0 
1 0.000798565 0.501405 0.865212 0.00137798 0.865211 -0.501405 -0.999999 0.00159265 4.44089e-16 0.0283006 -0.0173597 0.00190292 0 0 
1 0.000414718 0.260394 0.965502 0.00153771 0.965501 -0.260394 -0.999999 0.00159265 4.44089e-16 0.0318292 -0.0094437 0.00190292 0 0 
1 2.61033e-06 0.00163898 0.999999 0.00159265 0.999997 -0.00163898 -0.999999 0.00159265 4.44089e-16 0.0331888 -0.000884169 0.00190292 0 0 
1 -0.000409675 -0.257228 0.966351 0.00153906 0.966349 0.257228 -0.999999 0.00159265 4.44089e-16 0.0322869 0.00773561 0.00190292 0 0 
1 -0.000794043 -0.498566 0.866851 0.00138059 0.86685 0.498567 -0.999999 0.00159265 4.44089e-16 0.0291847 0.0158283 0.00190292 0 0 
1 -0.0011243 -0.70593 0.708281 0.00112805 0.70828 0.70593 -0.999999 0.00159265 4.44089e-16 0.0240938 0.0228423 0.00190292 0 0 
1 -0.00137795 -0.865188 0.501445 0.000798629 0.501445 0.865189 -0.999999 0.00159265 4.44089e-16 0.017361 0.0282998 0.00190292 0 0 
1 -0.00153769 -0.965489 0.260439 0.000414789 0.260439 0.96549 -0.999999 0.00159265 4.44089e-16 0.00944517 0.0318287 0.00190292 0 0 
1 -0.00159265 -0.999997 0.00168531 2.68411e-06 0.0016853 0.999999 -0.999999 0.00159265 4.44089e-16 0.000885707 0.0331888 0.00190292 0 0 
1 -0.00153908 -0.966361 -0.257183 -0.000409604 -0.257183 0.966363 -0.999999 0.00159265 4.44089e-16 -0.00773412 0.0322872 0.00190292 0 0 
1 -0.00138063 -0.866873 -0.498526 -0.00079398 -0.498526 0.866875 -0.999999 0.00159265 4.44089e-16 -0.0158269 0.0291854 0.00190292 0 0 
1 -0.0011281 -0.708313 -0.705898 -0.00112425 -0.705897 0.708314 -0.999999 0.00159265 4.44089e-16 -0.0228412 0.0240948 0.00190292 0 0 
1 -0.000798692 -0.501485 -0.865166 -0.00137791 -0.865165 0.501486 -0.999999 0.00159265 4.44089e-16 -0.028299 0.0173623 0.00190292 0 0 
1 -0.00041486 -0.260484 -0.965478 -0.00153767 -0.965477 0.260484 -0.999999 0.00159265 4.44089e-16 -0.0318283 0.00944665 0.00190292 0 0 
1 -2.75789e-06 -0.00173163 -0.999999 -0.00159265 -0.999997 0.00173163 -0.999999 0.00159265 4.44089e-16 -0.0331888 0.000887244 0.00190292 0 0 
1 0.000409532 0.257138 -0.966375 -0.0015391 -0.966373 -0.257139 -0.999999 0.00159265 4.44089e-16 -0.0322876 -0.00773262 0.00190292 0 0 
1 0.000793916 0.498486 -0.866898 -0.00138067 -0.866897 -0.498486 -0.999999 0.00159265 4.44089e-16 -0.0291862 -0.0158256 0.00190292 0 0 
1 0.0011242 0.705864 -0.708347 -0.00112815 -0.708346 -0.705865 -0.999999 0.00159265 4.44089e-16 -0.0240959 -0.0228401 0.00190292 0 0 
1 0.00137787 0.865142 -0.501526 -0.000798756 -0.501525 -0.865143 -0.999999 0.00159265 4.44089e-16 -0.0173636 -0.0282981 0.00190292 0 0 
1 0.00153765 0.965465 -0.260529 -0.000414932 -0.260528 -0.965466 -0.999999 0.00159265 4.44089e-16 -0.00944812 -0.0318279 0.00190292 0 0 
1 0.00159265 0.999997 -0.00177796 -2.83167e-06 -0.00177796 -0.999998 -0.999999 0.00159265 4.44089e-16 -0.000888782 -0.0331887 0.00190292 0 0 
1 0.00159265 0.999997 -0.00159265 -2.53654e-06 -0.00159265 -0.999999 -0.999999 0.00159265 1.66533e-16 -0.000934393 -0.0356887 0.00390292 0 0 
1 0.00153904 0.966338 0.257273 0.000409746 0.257273 -0.966339 -0.999999 0.00159265 1.66533e-16 0.00833409 -0.0347145 0.00390292 0 0 
1 0.00138056 0.866827 0.498607 0.000794107 0.498606 -0.866828 -0.999999 0.00159265 1.66533e-16 0.0170346 -0.0313748 0.00390292 0 0 
1 0.00112799 0.708248 0.705963 0.00112435 0.705962 -0.708248 -0.999999 0.00159265 1.66533e-16 0.0245744 -0.025897 0.00390292 0 0 
1 0.000798565 0.501405 0.865212 0.00137798 0.865211 -0.501405 -0.999999 0.00159265 1.66533e-16 0.0304395 -0.0186545 0.00390292 0 0 
1 0.000414718 0.260394 0.965502 0.00153771 0.965501 -0.260394 -0.999999 0.00159265 1.66533e-16 0.0342304 -0.0101408 0.00390292 0 0 
1 2.61033e-06 0.00163898 0.999999 0.00159265 0.999997 -0.00163898 -0.999999 0.00159265 1.66533e-16 0.0356886 -0.000936046 0.00390292 0 0 
1 -0.000409675 -0.257228 0.966351 0.00153906 0.966349 0.257228 -0.999999 0.00159265 1.66533e-16 0.0347149 0.00833248 0.00390292 0 0 
1 -0.000794043 -0.498566 0.866851 0.00138059 0.86685 0.498567 -0.999999 0.00159265 1.66533e-16 0.0313756 0.0170332 0.00390292 0 0 
1 -0.0011243 -0.70593 0.708281 0.00112805 0.70828 0.70593 -0.999999 0.00159265 1.66533e-16 0.0258981 0.0245732 0.00390292 0 0 
1 -0.00137795 -0.865188 0.501445 0.000798629 0.501445 0.865189 -0.999999 0.00159265 1.66533e-16 0.0186559 0.0304387 0.00390292 0 0 
1 -0.00153769 -0.965489 0.260439 0.000414789 0.260439 0.96549 -0.999999 0.00159265 1.66533e-16 0.0101424 0.0342299 0.00390292 0 0 
1 -0.00159265 -0.999997 0.00168531 2.68411e-06 0.0016853 0.999999 -0.999999 0.00159265 1.66533e-16 0.000937699 0.0356886 0.00390292 0 0 
1 -0.00153908 -0.966361 -0.257183 -0.000409604 -0.257183 0.966363 -0.999999 0.00159265 1.66533e-16 -0.00833087 0.0347153 0.00390292 0 0 
1 -0.00138063 -0.866873 -0.498526 -0.00079398 -0.498526 0.866875 -0.999999 0.00159265 1.66533e-16 -0.0170317 0.0313763 0.00390292 0 0 
1 -0.0011281 -0.708313 -0.705898 -0.00112425 -0.705897 0.708314 -0.999999 0.00159265 1.66533e-16 -0.024572 0.0258993 0.00390292 0 0 
1 -0.000798692 -0.501485 -0.865166 -0.00137791 -0.865165 0.501486 -0.999999 0.00159265 1.66533e-16 -0.0304378 0.0186573 0.00390292 0 0 
1 -0.00041486 -0.260484 -0.965478 -0.00153767 -0.965477 0.260484 -0.999999 0.00159265 1.66533e-16 -0.0342294 0.010144 0.00390292 0 0 
1 -2.75789e-06 -0.00173163 -0.999999 -0.00159265 -0.999997 0.00173163 -0.999999 0.00159265 1.66533e-16 -0.0356886 0.000939353 0.00390292 0 0 
1 0.000409532 0.257138 -0.966375 -0.0015391 -0.966373 -0.257139 -0.999999 0.00159265 1.66533e-16 -0.0347157 -0.00832926 0.00390292 0 0 
1 0.000793916 0.498486 -0.866898 -0.00138067 -0.866897 -0.498486 -0.999999 0.00159265 1.66533e-16 -0.0313771 -0.0170303 0.00390292 0 0 
1 0.0011242 0.705864 -0.708347 -0.00112815 -0.708346 -0.705865 -0.999999 0.00159265 1.66533e-16 -0.0259004 -0.0245708 0.00390292 0 0 
1 0.00137787 0.865142 -0.501526 -0.000798756 -0.501525 -0.865143 -0.999999 0.00159265 1.66533e-16 -0.0186587 -0.0304369 0.00390292 0 0 
1 0.00153765 0.965465 -0.260529 -0.000414932 -0.260528 -0.965466 -0.999999 0.00159265 1.66533e-16 -0.0101455 -0.034229 0.00390292 0 0 
1 0.00159265 0.999997 -0.00177796 -2.83167e-06 -0.00177796 -0.999998 -0.999999 0.00159265 1.66533e-16 -0.000941006 -0.0356885 0.00390292 0 0 
1 -2.53654e-06 -0.00159265 -0.999999 -0.00159265 -0.999997 0.00159265 -0.999999 0.00159265 -1.66533e-16 -0.00468281 0.000821305 0.00590292 0 0 
1 0.000409746 0.257273 -0.966339 -0.00153904 -0.966338 -0.257273 -0.999999 0.00159265 -1.66533e-16 -0.00473581 -0.000418643 0.00590292 0 0 
1 0.000794107 0.498606 -0.866828 -0.00138056 -0.866827 -0.498607 -0.999999 0.00159265 -1.66533e-16 -0.00446611 -0.00163006 0.00590292 0 0 
1 0.00112435 0.705962 -0.708248 -0.00112799 -0.708248 -0.705963 -0.999999 0.00159265 -1.66533e-16 -0.00389206 -0.0027304 0.00590292 0 0 
1 0.00137798 0.865211 -0.501405 -0.000798565 -0.501405 -0.865212 -0.999999 0.00159265 -1.66533e-16 -0.00305279 -0.00364468 0.00590292 0 0 
1 0.00153771 0.965501 -0.260394 -0.000414718 -0.260394 -0.965502 -0.999999 0.00159265 -1.66533e-16 -0.00200549 -0.0043106 0.00590292 0 0 
1 0.00159265 0.999997 -0.00163898 -2.61033e-06 -0.00163898 -0.999999 -0.999999 0.00159265 -1.66533e-16 -0.000821522 -0.00468277 0.00590292 0 0 
1 0.00153906 0.966349 0.257228 0.000409675 0.257228 -0.966351 -0.999999 0.00159265 -1.66533e-16 0.000418424 -0.00473583 0.00590292 0 0 
1 0.00138059 0.86685 0.498567 0.000794043 0.498566 -0.866851 -0.999999 0.00159265 -1.66533e-16 0.00162986 -0.00446618 0.00590292 0 0 
1 0.00112805 0.70828 0.70593 0.0011243 0.70593 -0.708281 -0.999999 0.00159265 -1.66533e-16 0.00273022 -0.00389218 0.00590292 0 0 
1 0.000798629 0.501445 0.865189 0.00137795 0.865188 -0.501445 -0.999999 0.00159265 -1.66533e-16 0.00364454 -0.00305295 0.00590292 0 0 
1 0.000414789 0.260439 0.96549 0.00153769 0.965489 -0.260439 -0.999999 0.00159265 -1.66533e-16 0.0043105 -0.00200568 0.00590292 0 0 
1 2.68411e-06 0.0016853 0.999999 0.00159265 0.999997 -0.00168531 -0.999999 0.00159265 -1.66533e-16 0.00468273 -0.000821739 0.00590292 0 0 
1 -0.000409604 -0.257183 0.966363 0.00153908 0.966361 0.257183 -0.999999 0.00159265 -1.66533e-16 0.00473585 0.000418204 0.00590292 0 0 
1 -0.00079398 -0.498526 0.866875 0.00138063 0.866873 0.498526 -0.999999 0.00159265 -1.66533e-16 0.00446626 0.00162965 0.00590292 0 0 
1 -0.00112425 -0.705897 0.708314 0.0011281 0.708313 0.705898 -0.999999 0.00159265 -1.66533e-16 0.00389231 0.00273004 0.00590292 0 0 
1 -0.00137791 -0.865165 0.501486 0.000798692 0.501485 0.865166 -0.999999 0.00159265 -1.66533e-16 0.00305312 0.0036444 0.00590292 0 0 
1 -0.00153767 -0.965477 0.260484 0.00041486 0.260484 0.965478 -0.999999 0.00159265 -1.66533e-16 0.00200588 0.00431041 0.00590292 0 0 
1 -0.00159265 -0.999997 0.00173163 2.75789e-06 0.00173163 0.999999 -0.999999 0.00159265 -1.66533e-16 0.000821956 0.00468269 0.00590292 0 0 
1 -0.0015391 -0.966373 -0.257139 -0.000409532 -0.257138 0.966375 -0.999999 0.00159265 -1.66533e-16 -0.000417985 0.00473587 0.00590292 0 0 
1 -0.00138067 -0.866897 -0.498486 -0.000793916 -0.498486 0.866898 -0.999999 0.00159265 -1.66533e-16 -0.00162944 0.00446633 0.00590292 0 0 
1 -0.00112815 -0.708346 -0.705865 -0.0011242 -0.705864 0.708347 -0.999999 0.00159265 -1.66533e-16 -0.00272986 0.00389244 0.00590292 0 0 
1 -0.000798756 -0.501525 -0.865143 -0.00137787 -0.865142 0.501526 -0.999999 0.00159265 -1.66533e-16 -0.00364426 0.00305329 0.00590292 0 0 
1 -0.000414932 -0.260528 -0.965466 -0.00153765 -0.965465 0.260529 -0.999999 0.00159265 -1.66533e-16 -0.00431032 0.00200608 0.00590292 0 0 
1 -2.83167e-06 -0.00177796 -0.999998 -0.00159265 -0.999997 0.00177796 -0.999999 0.00159265 -1.66533e-16 -0.00468265 0.000822173 0.00590292 0 0 
1 0.00159265 0.999998 -0.00147612 -2.35095e-06 -0.00147612 -0.999999 -0.999999 0.00159265 1.11022e-16 -0.000869715 -0.0381889 0.00590292 0 0 
1 0.00153899 0.966308 0.257385 0.000409926 0.257385 -0.966309 -0.999999 0.00159265 1.11022e-16 0.00904364 -0.0371128 0.00590292 0 0 
1 0.00138046 0.866769 0.498708 0.000794268 0.498707 -0.86677 -0.999999 0.00159265 1.11022e-16 0.0183407 -0.0335077 0.00590292 0 0 
1 0.00112786 0.708165 0.706046 0.00112449 0.706045 -0.708166 -0.999999 0.00159265 1.11022e-16 0.026388 -0.0276192 0.00590292 0 0 
1 0.000798404 0.501304 0.865271 0.00137808 0.86527 -0.501305 -0.999999 0.00159265 1.11022e-16 0.032637 -0.0198486 0.00590292 0 0 
1 0.000414539 0.260282 0.965533 0.00153776 0.965531 -0.260282 -0.999999 0.00159265 1.11022e-16 0.0366621 -0.0107255 0.00590292 0 0 
1 2.42473e-06 0.00152245 0.999999 0.00159265 0.999998 -0.00152245 -0.999999 0.00159265 1.11022e-16 0.0381888 -0.000871485 0.00590292 0 0 
1 -0.000409854 -0.25734 0.966321 0.00153901 0.96632 0.257341 -0.999999 0.00159265 1.11022e-16 0.0371132 0.00904192 0.00590292 0 0 
1 -0.000794204 -0.498667 0.866793 0.0013805 0.866792 0.498668 -0.999999 0.00159265 1.11022e-16 0.0335085 0.0183392 0.00590292 0 0 
1 -0.00112443 -0.706012 0.708199 0.00112791 0.708198 0.706013 -0.999999 0.00159265 1.11022e-16 0.0276204 0.0263867 0.00590292 0 0 
1 -0.00137804 -0.865247 0.501345 0.000798468 0.501344 0.865248 -0.999999 0.00159265 1.11022e-16 0.0198501 0.0326361 0.00590292 0 0 
1 -0.00153774 -0.965519 0.260327 0.00041461 0.260326 0.965521 -0.999999 0.00159265 1.11022e-16 0.0107272 0.0366616 0.00590292 0 0 
1 -0.00159265 -0.999998 0.00156878 2.49851e-06 0.00156877 0.999999 -0.999999 0.00159265 1.11022e-16 0.000873254 0.0381888 0.00590292 0 0 
1 -0.00153903 -0.966331 -0.257296 -0.000409783 -0.257296 0.966333 -0.999999 0.00159265 1.11022e-16 -0.0090402 0.0371136 0.00590292 0 0 
1 -0.00138054 -0.866815 -0.498627 -0.00079414 -0.498627 0.866816 -0.999999 0.00159265 1.11022e-16 -0.0183376 0.0335094 0.00590292 0 0 
1 -0.00112797 -0.708231 -0.70598 -0.00112438 -0.705979 0.708232 -0.999999 0.00159265 1.11022e-16 -0.0263854 0.0276216 0.00590292 0 0 
1 -0.000798532 -0.501384 -0.865224 -0.001378 -0.865223 0.501385 -0.999999 0.00159265 1.11022e-16 -0.0326352 0.0198517 0.00590292 0 0 
1 -0.000414681 -0.260371 -0.965509 -0.00153772 -0.965507 0.260371 -0.999999 0.00159265 1.11022e-16 -0.0366611 0.0107289 0.00590292 0 0 
1 -2.5723e-06 -0.0016151 -0.999999 -0.00159265 -0.999997 0.0016151 -0.999999 0.00159265 1.11022e-16 -0.0381887 0.000875023 0.00590292 0 0 
1 0.000409712 0.257251 -0.966345 -0.00153905 -0.966343 -0.257251 -0.999999 0.00159265 1.11022e-16 -0.037114 -0.00903848 0.00590292 0 0 
1 0.000794076 0.498587 -0.86684 -0.00138057 -0.866838 -0.498587 -0.999999 0.00159265 1.11022e-16 -0.0335102 -0.0183361 0.00590292 0 0 
1 0.00112433 0.705947 -0.708264 -0.00112802 -0.708263 -0.705947 -0.999999 0.00159265 1.11022e-16 -0.0276229 -0.0263841 0.00590292 0 0 
1 0.00137797 0.8652 -0.501425 -0.000798596 -0.501424 -0.865201 -0.999999 0.00159265 1.11022e-16 -0.0198532 -0.0326343 0.00590292 0 0 
1 0.0015377 0.965495 -0.260416 -0.000414752 -0.260416 -0.965496 -0.999999 0.00159265 1.11022e-16 -0.0107306 -0.0366606 0.00590292 0 0 
1 0.00159265 0.999997 -0.00166143 -2.64608e-06 -0.00166143 -0.999999 -0.999999 0.00159265 1.11022e-16 -0.000876792 -0.0381887 0.00590292 0 0 
1 0.00159265 0.999997 -0.00158363 -2.52218e-06 -0.00158363 -0.999999 -0.999999 0.00159265 0 -0.000873674 -0.0406889 0.00790292 0 0 
1 0.00153904 0.966335 0.257282 0.00040976 0.257281 -0.966336 -0.999999 0.00159265 0 0.00968685 -0.0395287 0.00790292 0 0 
1 0.00138055 0.866823 0.498615 0.00079412 0.498614 -0.866824 -0.999999 0.00159265 0 0.0195873 -0.0356748 0.00790292 0 0 
1 0.00112798 0.708241 0.70597 0.00112436 0.705969 -0.708242 -0.999999 0.00159265 0 0.0281529 -0.0293898 0.00790292 0 0 
1 0.000798552 0.501397 0.865217 0.00137799 0.865216 -0.501398 -0.999999 0.00159265 0 0.0348001 -0.0211021 0.00790292 0 0 
1 0.000414704 0.260385 0.965505 0.00153771 0.965503 -0.260386 -0.999999 0.00159265 0 0.0390759 -0.0113765 0.00790292 0 0 
1 2.59596e-06 0.00162996 0.999999 0.00159265 0.999997 -0.00162996 -0.999999 0.00159265 0 0.0406889 -0.000875559 0.00790292 0 0 
1 -0.000409689 -0.257236 0.966348 0.00153906 0.966347 0.257237 -0.999999 0.00159265 0 0.0395291 0.00968502 0.00790292 0 0 
1 -0.000794056 -0.498574 0.866847 0.00138059 0.866846 0.498574 -0.999999 0.00159265 0 0.0356757 0.0195856 0.00790292 0 0 
1 -0.00112431 -0.705936 0.708275 0.00112804 0.708274 0.705937 -0.999999 0.00159265 0 0.0293911 0.0281516 0.00790292 0 0 
1 -0.00137795 -0.865193 0.501438 0.000798616 0.501437 0.865194 -0.999999 0.00159265 0 0.0211038 0.0347992 0.00790292 0 0 
1 -0.00153769 -0.965491 0.26043 0.000414775 0.26043 0.965493 -0.999999 0.00159265 0 0.0113783 0.0390754 0.00790292 0 0 
1 -0.00159265 -0.999997 0.00167629 2.66974e-06 0.00167628 0.999999 -0.999999 0.00159265 0 0.000877444 0.0406888 0.00790292 0 0 
1 -0.00153908 -0.966359 -0.257192 -0.000409618 -0.257192 0.96636 -0.999999 0.00159265 0 -0.00968319 0.0395296 0.00790292 0 0 
1 -0.00138062 -0.866869 -0.498534 -0.000793992 -0.498534 0.86687 -0.999999 0.00159265 0 -0.019584 0.0356766 0.00790292 0 0 
1 -0.00112809 -0.708307 -0.705904 -0.00112426 -0.705903 0.708307 -0.999999 0.00159265 0 -0.0281502 0.0293924 0.00790292 0 0 
1 -0.00079868 -0.501477 -0.865171 -0.00137792 -0.865169 0.501478 -0.999999 0.00159265 0 -0.0347982 0.0211054 0.00790292 0 0 
1 -0.000414846 -0.260475 -0.965481 -0.00153768 -0.965479 0.260475 -0.999999 0.00159265 0 -0.0390748 0.0113801 0.00790292 0 0 
1 -2.74353e-06 -0.00172261 -0.999999 -0.00159265 -0.999997 0.00172261 -0.999999 0.00159265 0 -0.0406888 0.000879329 0.00790292 0 0 
1 0.000409546 0.257147 -0.966372 -0.0015391 -0.966371 -0.257147 -0.999999 0.00159265 0 -0.03953 -0.00968136 0.00790292 0 0 
1 0.000793928 0.498493 -0.866893 -0.00138066 -0.866892 -0.498494 -0.999999 0.00159265 0 -0.0356775 -0.0195823 0.00790292 0 0 
1 0.00112421 0.70587 -0.70834 -0.00112814 -0.708339 -0.705871 -0.999999 0.00159265 0 -0.0293937 -0.0281488 0.00790292 0 0 
1 0.00137788 0.865146 -0.501518 -0.000798744 -0.501517 -0.865147 -0.999999 0.00159265 0 -0.021107 -0.0347972 0.00790292 0 0 
1 0.00153766 0.965467 -0.26052 -0.000414918 -0.26052 -0.965468 -0.999999 0.00159265 0 -0.0113819 -0.0390743 0.00790292 0 0 
1 0.00159265 0.999997 -0.00176894 -2.81731e-06 -0.00176894 -0.999998 -0.999999 0.00159265 0 -0.000881214 -0.0406887 0.00790292 0 0 
