1 0.00584455 0.996954 -0.0777754 -0.00885411 0.0778253 0.996928 0.999944 -0.00513796 0.00928199 -0.0612631 0.18922 -0.0288027 -0.544543 
1 0.00793696 0.942843 -0.333142 -0.0070398 0.333197 0.942831 0.999944 -0.00513796 0.00928199 -0.108148 0.166917 -0.0288027 -0.544543 
1 0.00948851 0.824483 -0.565807 -0.00474576 0.565863 0.824486 0.999944 -0.00513796 0.00928199 -0.147663 0.13324 -0.0288027 -0.544543 
1 0.0103935 0.64994 -0.759915 -0.00212832 0.759969 0.649956 0.999944 -0.00513796 0.00928199 -0.177116 0.0904831 -0.0288027 -0.544543 
1 0.0105902 0.431106 -0.902239 0.000634148 0.902287 0.431136 0.999944 -0.00513796 0.00928199 -0.194499 0.0415605 -0.0288027 -0.544543 
1 0.0100652 0.182895 -0.983081 0.0033534 0.983119 0.182937 0.999944 -0.00513796 0.00928199 -0.198629 -0.0101943 -0.0288027 -0.544543 
1 0.00885438 -0.0777791 -0.996931 0.00584414 0.996957 -0.0777293 0.999944 -0.00513796 0.00928199 -0.189223 -0.0612544 -0.0288027 -0.544543 
1 0.00704016 -0.333153 -0.942846 0.00793664 0.942859 -0.333098 0.999944 -0.00513796 0.00928199 -0.166922 -0.10814 -0.0288027 -0.544543 
1 0.0047462 -0.565825 -0.824512 0.00948829 0.82451 -0.565768 0.999944 -0.00513796 0.00928199 -0.133247 -0.147657 -0.0288027 -0.544543 
1 0.0021288 -0.759938 -0.649992 0.0103934 0.649975 -0.759885 0.999944 -0.00513796 0.00928199 -0.0904913 -0.177112 -0.0288027 -0.544543 
1 -0.000633657 -0.902267 -0.431178 0.0105902 0.431148 -0.902219 0.999944 -0.00513796 0.00928199 -0.0415695 -0.194497 -0.0288027 -0.544543 
1 -0.00335294 -0.983111 -0.182982 0.0100654 0.182941 -0.983072 0.999944 -0.00513796 0.00928199 0.0101851 -0.198629 -0.0288027 -0.544543 
1 -0.00584373 -0.996961 0.0776831 0.00885465 -0.0777329 -0.996935 0.999944 -0.00513796 0.00928199 0.0612456 -0.189225 -0.0288027 -0.544543 
1 -0.00793631 -0.942874 0.333055 0.00704053 -0.333109 -0.942862 0.999944 -0.00513796 0.00928199 0.108133 -0.166927 -0.0288027 -0.544543 
1 -0.00948807 -0.824536 0.56573 0.00474664 -0.565786 -0.824538 0.999944 -0.00513796 0.00928199 0.147651 -0.133254 -0.0288027 -0.544543 
1 -0.0103933 -0.65001 0.759855 0.00212928 -0.759908 -0.650027 0.999944 -0.00513796 0.00928199 0.177108 -0.0904995 -0.0288027 -0.544543 
1 -0.0105902 -0.43119 0.902199 -0.000633166 -0.902247 -0.43122 0.999944 -0.00513796 0.00928199 0.194496 -0.0415785 -0.0288027 -0.544543 
1 -0.0100655 -0.182986 0.983064 -0.00335247 -0.983102 -0.183028 0.999944 -0.00513796 0.00928199 0.19863 0.0101759 -0.0288027 -0.544543 
1 -0.00885492 0.0776867 0.996938 -0.00584332 -0.996965 0.0776369 0.999944 -0.00513796 0.00928199 0.189228 0.0612368 -0.0288027 -0.544543 
1 -0.0070409 0.333066 0.942877 -0.00793598 -0.94289 0.333011 0.999944 -0.00513796 0.00928199 0.166932 0.108125 -0.0288027 -0.544543 
1 -0.00474708 0.565748 0.824564 -0.00948785 -0.824562 0.565692 0.999944 -0.00513796 0.00928199 0.13326 0.147645 -0.0288027 -0.544543 
1 -0.00212977 0.759878 0.650062 -0.0103932 -0.650045 0.759824 0.999944 -0.00513796 0.00928199 0.0905077 0.177103 -0.0288027 -0.544543 
1 0.000632676 0.902227 0.431262 -0.0105903 -0.431231 0.902179 0.999944 -0.00513796 0.00928199 0.0415875 0.194494 -0.0288027 -0.544543 
1 0.003352 0.983094 0.183073 -0.0100657 -0.183032 0.983055 0.999944 -0.00513796 0.00928199 -0.0101667 0.19863 -0.0288027 -0.544543 
1 0.00584291 0.996968 -0.0775907 -0.0088552 0.0776406 0.996942 0.999944 -0.00513796 0.00928199 -0.0612281 0.189231 -0.0288027 -0.544543 
1 0.00321562 0.928976 -0.370127 -0.0146909 0.370133 0.928863 0.999887 0.00245061 0.0148377 -0.115327 0.159135 -0.00776085 -0.702 
1 0.00690823 0.801529 -0.597916 -0.0133581 0.597951 0.801421 0.999887 0.00245061 0.0148377 -0.152583 0.123865 -0.00776085 -0.702 
1 0.0101301 0.619462 -0.784961 -0.011115 0.785023 0.619367 0.999887 0.00245061 0.0148377 -0.179442 0.0801539 -0.00776085 -0.702 
1 0.0126616 0.395183 -0.918515 -0.00811451 0.918599 0.395107 0.999887 0.00245061 0.0148377 -0.194073 0.0309812 -0.00776085 -0.702 
1 0.0143303 0.143974 -0.989478 -0.00456106 0.989578 0.143922 0.999887 0.00245061 0.0148377 -0.195479 -0.0203027 -0.00776085 -0.702 
1 0.0150225 -0.117046 -0.993013 -0.0006968 0.993123 -0.11707 0.999887 0.00245061 0.0148377 -0.183564 -0.0702031 -0.00776085 -0.702 
1 0.014691 -0.37009 -0.92888 0.00321494 0.928993 -0.370084 0.999887 0.00245061 0.0148377 -0.15914 -0.11532 -0.00776085 -0.702 
1 0.0133584 -0.597914 -0.801449 0.00690761 0.801556 -0.597879 0.999887 0.00245061 0.0148377 -0.123872 -0.152578 -0.00776085 -0.702 
1 0.0111155 -0.784994 -0.619404 0.0101296 0.619499 -0.784932 0.999887 0.00245061 0.0148377 -0.0801622 -0.179438 -0.00776085 -0.702 
1 0.0081151 -0.918581 -0.39515 0.0126612 0.395225 -0.918497 0.999887 0.00245061 0.0148377 -0.0309902 -0.194071 -0.00776085 -0.702 
1 0.00456172 -0.989572 -0.143968 0.0143301 0.14402 -0.989471 0.999887 0.00245061 0.0148377 0.0202937 -0.19548 -0.00776085 -0.702 
1 0.000697495 -0.993129 0.117024 0.0150225 -0.117 -0.993018 0.999887 0.00245061 0.0148377 0.0701946 -0.183567 -0.00776085 -0.702 
1 -0.00321426 -0.92901 0.370041 0.0146912 -0.370047 -0.928897 0.999887 0.00245061 0.0148377 0.115312 -0.159145 -0.00776085 -0.702 
1 -0.00690699 -0.801584 0.597842 0.0133587 -0.597877 -0.801477 0.999887 0.00245061 0.0148377 0.152572 -0.123879 -0.00776085 -0.702 
1 -0.010129 -0.619535 0.784904 0.0111159 -0.784965 -0.61944 0.999887 0.00245061 0.0148377 0.179435 -0.0801705 -0.00776085 -0.702 
1 -0.0126609 -0.395268 0.918479 0.00811568 -0.918563 -0.395192 0.999887 0.00245061 0.0148377 0.19407 -0.0309992 -0.00776085 -0.702 
1 -0.0143299 -0.144066 0.989464 0.00456239 -0.989565 -0.144014 0.999887 0.00245061 0.0148377 0.195481 0.0202846 -0.00776085 -0.702 
1 -0.0150225 0.116954 0.993024 0.000698191 -0.993134 0.116978 0.999887 0.00245061 0.0148377 0.18357 0.0701861 -0.00776085 -0.702 
1 -0.0146913 0.370004 0.928914 -0.00321358 -0.929027 0.369998 0.999887 0.00245061 0.0148377 0.159151 0.115305 -0.00776085 -0.702 
1 -0.013359 0.59784 0.801504 -0.00690637 -0.801612 0.597805 0.999887 0.00245061 0.0148377 0.123886 0.152566 -0.00776085 -0.702 
1 -0.0111164 0.784937 0.619476 -0.0101285 -0.619571 0.784875 0.999887 0.00245061 0.0148377 0.0801788 0.179431 -0.00776085 -0.702 
1 -0.00811627 0.918544 0.395235 -0.0126605 -0.39531 0.91846 0.999887 0.00245061 0.0148377 0.0310081 0.194069 -0.00776085 -0.702 
1 -0.00456305 0.989558 0.14406 -0.0143297 -0.144111 0.989458 0.999887 0.00245061 0.0148377 -0.0202756 0.195481 -0.00776085 -0.702 
1 -0.000698887 0.99314 -0.116932 -0.0150224 0.116908 0.993029 0.999887 0.00245061 0.0148377 -0.0701776 0.183573 -0.00776085 -0.702 
1 0.0032129 0.929044 -0.369955 -0.0146915 0.369961 0.928931 0.999887 0.00245061 0.0148377 -0.115297 0.159156 -0.00776085 -0.702 
