1 -0.00338381 0.749924 -0.661516 -0.00526987 0.661497 0.749929 0.99998 0.00602372 0.00171362 -0.149565 0.121286 -0.00986056 -0.378 
1 -0.00190461 0.553169 -0.833067 -0.00596608 0.833047 0.55317 0.99998 0.00602372 0.00171362 -0.175859 0.0784444 -0.00986056 -0.378 
1 -0.000295628 0.318719 -0.947849 -0.00625574 0.94783 0.318715 0.99998 0.00602372 0.00171362 -0.19017 0.0302572 -0.00986056 -0.378 
1 0.0013335 0.0625503 -0.998041 -0.0061191 0.998024 0.062541 0.99998 0.00602372 0.00171362 -0.191521 -0.0199919 -0.00986056 -0.378 
1 0.00287176 -0.197881 -0.980222 -0.00556549 0.980208 -0.197894 0.99998 0.00602372 0.00171362 -0.179821 -0.0688786 -0.00986056 -0.378 
1 0.00421433 -0.444828 -0.895606 -0.00463261 0.895596 -0.444845 0.99998 0.00602372 0.00171362 -0.155868 -0.113072 -0.00986056 -0.378 
1 0.00526971 -0.661462 -0.74996 -0.00338405 0.749954 -0.661481 0.99998 0.00602372 0.00171362 -0.121293 -0.149559 -0.00986056 -0.378 
1 0.00596599 -0.833022 -0.553208 -0.00190489 0.553208 -0.833041 0.99998 0.00602372 0.00171362 -0.0784525 -0.175856 -0.00986056 -0.378 
1 0.00625572 -0.947815 -0.318759 -0.000295917 0.318763 -0.947834 0.99998 0.00602372 0.00171362 -0.030266 -0.190168 -0.00986056 -0.378 
1 0.00611917 -0.998021 -0.0625873 0.00133322 0.0625965 -0.998038 0.99998 0.00602372 0.00171362 0.019983 -0.191522 -0.00986056 -0.378 
1 0.00556562 -0.980217 0.197849 0.0028715 -0.197836 -0.980231 0.99998 0.00602372 0.00171362 0.0688703 -0.179825 -0.00986056 -0.378 
1 0.00463281 -0.895616 0.444803 0.00421411 -0.444786 -0.895627 0.99998 0.00602372 0.00171362 0.113064 -0.155873 -0.00986056 -0.378 
1 0.0033843 -0.749985 0.661446 0.00526955 -0.661427 -0.749991 0.99998 0.00602372 0.00171362 0.149554 -0.1213 -0.00986056 -0.378 
1 0.00190517 -0.553246 0.833016 0.0059659 -0.832996 -0.553247 0.99998 0.00602372 0.00171362 0.175852 -0.0784607 -0.00986056 -0.378 
1 0.000296207 -0.318807 0.94782 0.00625571 -0.947801 -0.318802 0.99998 0.00602372 0.00171362 0.190167 -0.0302748 -0.00986056 -0.378 
1 -0.00133294 -0.0626427 0.998035 0.00611923 -0.998018 -0.0626335 0.99998 0.00602372 0.00171362 0.191523 0.0199741 -0.00986056 -0.378 
1 -0.00287125 0.19779 0.98024 0.00556575 -0.980226 0.197804 0.99998 0.00602372 0.00171362 0.179828 0.0688619 -0.00986056 -0.378 
1 -0.0042139 0.444745 0.895647 0.004633 -0.895637 0.444762 0.99998 0.00602372 0.00171362 0.155878 0.113057 -0.00986056 -0.378 
1 -0.0052694 0.661393 0.750021 0.00338454 -0.750016 0.661411 0.99998 0.00602372 0.00171362 0.121307 0.149548 -0.00986056 -0.378 
1 -0.00596582 0.83297 0.553285 0.00190544 -0.553285 0.83299 0.99998 0.00602372 0.00171362 0.0784688 0.175848 -0.00986056 -0.378 
1 -0.0062557 0.947786 0.318846 0.000296497 -0.318851 0.947805 0.99998 0.00602372 0.00171362 0.0302836 0.190166 -0.00986056 -0.378 
1 -0.00611929 0.998015 0.0626797 -0.00133265 -0.062689 0.998032 0.99998 0.00602372 0.00171362 -0.0199653 0.191524 -0.00986056 -0.378 
1 -0.00556589 0.980235 -0.197758 -0.00287099 0.197745 0.980249 0.99998 0.00602372 0.00171362 -0.0688536 0.179831 -0.00986056 -0.378 
1 -0.0046332 0.895658 -0.44472 -0.00421368 0.444703 0.895668 0.99998 0.00602372 0.00171362 -0.11305 0.155884 -0.00986056 -0.378 
1 -0.00338479 0.750046 -0.661377 -0.00526924 0.661358 0.750052 0.99998 0.00602372 0.00171362 -0.149543 0.121314 -0.00986056 -0.378 
