1 0.04883 0.997912 -0.0422855 -0.00117451 0.0423933 0.9991 0.998806 -0.0487364 0.00324212 -0.0519593 0.188156 -0.00828553 -0.424 
1 0.0474702 0.952939 -0.299423 0.0115033 0.29922 0.954115 0.998806 -0.0487364 0.00324212 -0.098886 0.168298 -0.00828553 -0.424 
1 0.0428756 0.843028 -0.536157 0.0233972 0.535656 0.844112 0.998806 -0.0487364 0.00324212 -0.139074 0.136971 -0.00828553 -0.424 
1 0.0353593 0.67567 -0.736355 0.0336967 0.735591 0.676587 0.998806 -0.0487364 0.00324212 -0.169785 0.0963099 -0.00828553 -0.424 
1 0.0254334 0.462269 -0.886375 0.0417 0.885399 0.462957 0.998806 -0.0487364 0.00324212 -0.188926 0.049086 -0.00828553 -0.424 
1 0.0137744 0.217367 -0.975993 0.0468616 0.974872 0.217779 0.998806 -0.0487364 0.00324212 -0.195193 -0.00148282 -0.00828553 -0.424 
1 0.00117677 -0.0423471 -0.999102 0.0488299 0.997914 -0.0422392 0.998806 -0.0487364 0.00324212 -0.188159 -0.0519506 -0.00828553 -0.424 
1 -0.0115011 -0.299176 -0.954129 0.0474708 0.952953 -0.299379 0.998806 -0.0487364 0.00324212 -0.168302 -0.0988782 -0.00828553 -0.424 
1 -0.0233952 -0.535617 -0.844137 0.0428767 0.843053 -0.536118 0.998806 -0.0487364 0.00324212 -0.136977 -0.139068 -0.00828553 -0.424 
1 -0.0336951 -0.73556 -0.676621 0.0353609 0.675705 -0.736324 0.998806 -0.0487364 0.00324212 -0.0963177 -0.169781 -0.00828553 -0.424 
1 -0.0416988 -0.885378 -0.462998 0.0254354 0.46231 -0.886353 0.998806 -0.0487364 0.00324212 -0.0490947 -0.188924 -0.00828553 -0.424 
1 -0.046861 -0.974862 -0.217824 0.0137766 0.217413 -0.975983 0.998806 -0.0487364 0.00324212 0.00147377 -0.195193 -0.00828553 -0.424 
1 -0.0488299 -0.997916 0.0421929 0.00117903 -0.0423009 -0.999104 0.998806 -0.0487364 0.00324212 0.0519419 -0.188161 -0.00828553 -0.424 
1 -0.0474713 -0.952966 0.299335 -0.0114989 -0.299132 -0.954143 0.998806 -0.0487364 0.00324212 0.0988704 -0.168307 -0.00828553 -0.424 
1 -0.0428778 -0.843078 0.536079 -0.0233932 -0.535578 -0.844161 0.998806 -0.0487364 0.00324212 0.139062 -0.136984 -0.00828553 -0.424 
1 -0.0353624 -0.675739 0.736293 -0.0336934 -0.735528 -0.676656 0.998806 -0.0487364 0.00324212 0.169776 -0.0963256 -0.00828553 -0.424 
1 -0.0254373 -0.462351 0.886332 -0.0416976 -0.885356 -0.463039 0.998806 -0.0487364 0.00324212 0.188922 -0.0491035 -0.00828553 -0.424 
1 -0.0137788 -0.217458 0.975972 -0.0468604 -0.974852 -0.21787 0.998806 -0.0487364 0.00324212 0.195193 0.00146473 -0.00828553 -0.424 
1 -0.00118129 0.0422546 0.999106 -0.0488298 -0.997917 0.0421466 0.998806 -0.0487364 0.00324212 0.188164 0.0519331 -0.00828553 -0.424 
1 0.0114967 0.299088 0.954156 -0.0474718 -0.95298 0.299291 0.998806 -0.0487364 0.00324212 0.168312 0.0988626 -0.00828553 -0.424 
1 0.0233912 0.535539 0.844186 -0.0428789 -0.843103 0.53604 0.998806 -0.0487364 0.00324212 0.13699 0.139055 -0.00828553 -0.424 
1 0.0336918 0.735497 0.67669 -0.035364 -0.675773 0.736261 0.998806 -0.0487364 0.00324212 0.0963335 0.169772 -0.00828553 -0.424 
1 0.0416964 0.885335 0.46308 -0.0254392 -0.462392 0.88631 0.998806 -0.0487364 0.00324212 0.0491123 0.18892 -0.00828553 -0.424 
1 0.0468597 0.974842 0.217915 -0.0137809 -0.217503 0.975962 0.998806 -0.0487364 0.00324212 -0.00145569 0.195194 -0.00828553 -0.424 
1 0.0488298 0.997919 -0.0421003 -0.00118356 0.0422084 0.999108 0.998806 -0.0487364 0.00324212 -0.0519244 0.188166 -0.00828553 -0.424 
