1 0.000573373 -0.0537463 -0.998554 0.000249915 0.998555 -0.0537462 1 -0.000218737 0.000585976 -0.187597 -0.0494206 0.0604978 -0.41 
1 0.000489156 -0.310353 -0.950621 0.000389795 0.950622 -0.310352 1 -0.000218737 0.000585976 -0.168415 -0.0962891 0.0604978 -0.41 
1 0.000371606 -0.54581 -0.837909 0.000503113 0.837909 -0.54581 1 -0.000218737 0.000585976 -0.137756 -0.136596 0.0604978 -0.41 
1 0.000228733 -0.744074 -0.668098 0.000582147 0.668098 -0.744073 1 -0.000218737 0.000585976 -0.0977094 -0.167595 0.0604978 -0.41 
1 7.02735e-05 -0.891633 -0.452759 0.000621511 0.452759 -0.891633 1 -0.000218737 0.000585976 -0.0510048 -0.187173 0.0604978 -0.41 
1 -9.29751e-05 -0.978432 -0.206568 0.000618522 0.206568 -0.978432 1 -0.000218737 0.000585976 -0.000824531 -0.193996 0.0604978 -0.41 
1 -0.000249888 -0.998557 0.0536999 0.000573385 -0.0537001 -0.998557 1 -0.000218737 0.000585976 0.0494119 -0.187599 0.0604978 -0.41 
1 -0.000389772 -0.950636 0.310308 0.000489174 -0.310309 -0.950636 1 -0.000218737 0.000585976 0.0962813 -0.168419 0.0604978 -0.41 
1 -0.000503096 -0.837934 0.545771 0.00037163 -0.545771 -0.837934 1 -0.000218737 0.000585976 0.13659 -0.137762 0.0604978 -0.41 
1 -0.000582136 -0.668132 0.744042 0.00022876 -0.744043 -0.668132 1 -0.000218737 0.000585976 0.16759 -0.0977172 0.0604978 -0.41 
1 -0.000621508 -0.4528 0.891612 7.03022e-05 -0.891612 -0.452801 1 -0.000218737 0.000585976 0.18717 -0.0510135 0.0604978 -0.41 
1 -0.000618526 -0.206613 0.978423 -9.29465e-05 -0.978423 -0.206613 1 -0.000218737 0.000585976 0.193996 -0.000833518 0.0604978 -0.41 
1 -0.000573396 0.0536538 0.998559 -0.000249861 -0.99856 0.0536537 1 -0.000218737 0.000585976 0.187602 0.0494032 0.0604978 -0.41 
1 -0.000489192 0.310264 0.95065 -0.00038975 -0.95065 0.310264 1 -0.000218737 0.000585976 0.168424 0.0962734 0.0604978 -0.41 
1 -0.000371653 0.545732 0.837959 -0.000503079 -0.837959 0.545732 1 -0.000218737 0.000585976 0.137768 0.136583 0.0604978 -0.41 
1 -0.000228787 0.744012 0.668167 -0.000582126 -0.668167 0.744012 1 -0.000218737 0.000585976 0.0977249 0.167586 0.0604978 -0.41 
1 -7.0331e-05 0.891591 0.452842 -0.000621504 -0.452842 0.891591 1 -0.000218737 0.000585976 0.0510221 0.187168 0.0604978 -0.41 
1 9.29178e-05 0.978413 0.206659 -0.000618531 -0.206658 0.978413 1 -0.000218737 0.000585976 0.000842506 0.193996 0.0604978 -0.41 
1 0.000249835 0.998562 -0.0536074 -0.000573408 0.0536075 0.998562 1 -0.000218737 0.000585976 -0.0493946 0.187604 0.0604978 -0.41 
1 0.000389727 0.950665 -0.31022 -0.00048921 0.31022 0.950665 1 -0.000218737 0.000585976 -0.0962656 0.168428 0.0604978 -0.41 
1 0.000503062 0.837985 -0.545693 -0.000371676 0.545694 0.837985 1 -0.000218737 0.000585976 -0.136577 0.137775 0.0604978 -0.41 
1 0.000582115 0.668201 -0.743981 -0.000228814 0.743981 0.668201 1 -0.000218737 0.000585976 -0.167581 0.0977327 0.0604978 -0.41 
1 0.000621501 0.452883 -0.89157 -7.03598e-05 0.89157 0.452883 1 -0.000218737 0.000585976 -0.187165 0.0510308 0.0604978 -0.41 
1 0.000618535 0.206704 -0.978403 9.28892e-05 0.978404 0.206704 1 -0.000218737 0.000585976 -0.193996 0.000851493 0.0604978 -0.41 
1 0.000573419 -0.0535613 -0.998564 0.000249808 0.998565 -0.0535611 1 -0.000218737 0.000585976 -0.187606 -0.0493859 0.0604978 -0.41 
1 -0.00107143 0.998509 -0.0545707 -0.000702722 0.05457 0.99851 0.999999 0.00110818 0.000643206 -0.0496239 0.187595 -0.00999428 -0.41 
1 -0.000853054 0.950365 -0.311137 -0.000956078 0.311136 0.950365 0.999999 0.00110818 0.000643206 -0.0964848 0.16836 -0.00999428 -0.41 
1 -0.000576544 0.837458 -0.546502 -0.00114428 0.546501 0.837458 0.999999 0.00110818 0.000643206 -0.136771 0.137652 -0.00999428 -0.41 
1 -0.000260747 0.667483 -0.744625 -0.00125451 0.744624 0.667483 0.999999 0.00110818 0.000643206 -0.167737 0.0975642 -0.00999428 -0.41 
1 7.28194e-05 0.452023 -0.892006 -0.00127925 0.892005 0.452023 0.999999 0.00110818 0.000643206 -0.187272 0.0508277 -0.00999428 -0.41 
1 0.000401423 0.20576 -0.978602 -0.00121682 0.978602 0.20576 0.999999 0.00110818 0.000643206 -0.194046 0.000627651 -0.00999428 -0.41 
1 0.000702672 -0.0545238 -0.998512 -0.00107146 0.998512 -0.0545245 0.999999 0.00110818 0.000643206 -0.187597 -0.0496152 -0.00999428 -0.41 
1 0.000956038 -0.311092 -0.950379 -0.000853098 0.950379 -0.311093 0.999999 0.00110818 0.000643206 -0.168364 -0.096477 -0.00999428 -0.41 
1 0.00114426 -0.546462 -0.837483 -0.000576597 0.837483 -0.546463 0.999999 0.00110818 0.000643206 -0.137658 -0.136764 -0.00999428 -0.41 
1 0.0012545 -0.744593 -0.667517 -0.000260805 0.667518 -0.744594 0.999999 0.00110818 0.000643206 -0.0975719 -0.167732 -0.00999428 -0.41 
1 0.00127925 -0.891985 -0.452064 7.27601e-05 0.452065 -0.891985 0.999999 0.00110818 0.000643206 -0.0508364 -0.18727 -0.00999428 -0.41 
1 0.00121684 -0.978592 -0.205805 0.000401367 0.205806 -0.978593 0.999999 0.00110818 0.000643206 -0.000636641 -0.194046 -0.00999428 -0.41 
1 0.0010715 -0.998514 0.0544782 0.000702623 -0.0544775 -0.998515 0.999999 0.00110818 0.000643206 0.0496065 -0.1876 -0.00999428 -0.41 
1 0.000853142 -0.950393 0.311049 0.000955999 -0.311048 -0.950394 0.999999 0.00110818 0.000643206 0.0964692 -0.168369 -0.00999428 -0.41 
1 0.00057665 -0.837509 0.546424 0.00114423 -0.546423 -0.837508 0.999999 0.00110818 0.000643206 0.136758 -0.137665 -0.00999428 -0.41 
1 0.000260863 -0.667552 0.744563 0.00125449 -0.744562 -0.667552 0.999999 0.00110818 0.000643206 0.167728 -0.0975797 -0.00999428 -0.41 
1 -7.27009e-05 -0.452106 0.891964 0.00127926 -0.891964 -0.452105 0.999999 0.00110818 0.000643206 0.187268 -0.0508451 -0.00999428 -0.41 
1 -0.00040131 -0.205851 0.978583 0.00121685 -0.978583 -0.20585 0.999999 0.00110818 0.000643206 0.194046 -0.00064563 -0.00999428 -0.41 
1 -0.000702573 0.0544312 0.998517 0.00107153 -0.998517 0.054432 0.999999 0.00110818 0.000643206 0.187602 0.0495978 -0.00999428 -0.41 
1 -0.000955959 0.311004 0.950408 0.000853187 -0.950408 0.311005 0.999999 0.00110818 0.000643206 0.168373 0.0964614 -0.00999428 -0.41 
1 -0.0011442 0.546384 0.837534 0.000576703 -0.837534 0.546385 0.999999 0.00110818 0.000643206 0.137671 0.136752 -0.00999428 -0.41 
1 -0.00125447 0.744531 0.667586 0.000260921 -0.667587 0.744532 0.999999 0.00110818 0.000643206 0.0975875 0.167723 -0.00999428 -0.41 
1 -0.00127926 0.891943 0.452147 -7.26416e-05 -0.452147 0.891943 0.999999 0.00110818 0.000643206 0.0508537 0.187265 -0.00999428 -0.41 
1 -0.00121687 0.978573 0.205896 -0.000401254 -0.205896 0.978574 0.999999 0.00110818 0.000643206 0.00065462 0.194046 -0.00999428 -0.41 
1 -0.00107156 0.998519 -0.0543857 -0.000702523 0.054385 0.99852 0.999999 0.00110818 0.000643206 -0.0495891 0.187604 -0.00999428 -0.41 
1 0.000139368 0.0542655 0.998527 -0.000888039 -0.998526 0.0542656 1 -0.000894294 -9.0973e-05 0.187591 0.0496232 -0.0100062 -0.41 
1 0.000364455 0.310847 0.95046 -0.000821712 -0.95046 0.310847 1 -0.000894294 -9.0973e-05 0.168356 0.0964831 -0.0100062 -0.41 
1 0.000564705 0.546245 0.837625 -0.000699389 -0.837625 0.546246 1 -0.000894294 -9.0973e-05 0.137649 0.136768 -0.0100062 -0.41 
1 0.000726475 0.744421 0.667711 -0.000529407 -0.66771 0.744421 1 -0.000894294 -9.0973e-05 0.097562 0.167734 -0.0100062 -0.41 
1 0.000838739 0.891868 0.452295 -0.000323349 -0.452295 0.891868 1 -0.000894294 -9.0973e-05 0.0508264 0.187269 -0.0100062 -0.41 
1 0.000893848 0.978539 0.206059 -9.52565e-05 -0.206059 0.97854 1 -0.000894294 -9.0973e-05 0.000627355 0.194042 -0.0100062 -0.41 
1 0.000888046 0.998529 -0.0542194 0.000139327 0.0542193 0.998529 1 -0.000894294 -9.0973e-05 -0.0496145 0.187593 -0.0100062 -0.41 
1 0.000821729 0.950474 -0.310803 0.000364417 0.310803 0.950474 1 -0.000894294 -9.0973e-05 -0.0964753 0.168361 -0.0100062 -0.41 
1 0.000699415 0.83765 -0.546207 0.000564673 0.546207 0.83765 1 -0.000894294 -9.0973e-05 -0.136762 0.137656 -0.0100062 -0.41 
1 0.000529441 0.667745 -0.74439 0.00072645 0.74439 0.667745 1 -0.000894294 -9.0973e-05 -0.167729 0.0975697 -0.0100062 -0.41 
1 0.000323388 0.452337 -0.891847 0.000838724 0.891847 0.452337 1 -0.000894294 -9.0973e-05 -0.187266 0.0508351 -0.0100062 -0.41 
1 9.52979e-05 0.206104 -0.97853 0.000893843 0.97853 0.206104 1 -0.000894294 -9.0973e-05 -0.194042 0.000636345 -0.0100062 -0.41 
1 -0.000139286 -0.054173 -0.998532 0.000888052 0.998531 -0.0541731 1 -0.000894294 -9.0973e-05 -0.187596 -0.0496058 -0.0100062 -0.41 
1 -0.000364378 -0.310759 -0.950489 0.000821745 0.950488 -0.310759 1 -0.000894294 -9.0973e-05 -0.168365 -0.0964675 -0.0100062 -0.41 
1 -0.000564641 -0.546168 -0.837676 0.000699441 0.837675 -0.546168 1 -0.000894294 -9.0973e-05 -0.137662 -0.136756 -0.0100062 -0.41 
1 -0.000726426 -0.744359 -0.66778 0.000529474 0.667779 -0.744359 1 -0.000894294 -9.0973e-05 -0.0975775 -0.167725 -0.0100062 -0.41 
1 -0.000838709 -0.891826 -0.452378 0.000323427 0.452378 -0.891826 1 -0.000894294 -9.0973e-05 -0.0508438 -0.187264 -0.0100062 -0.41 
1 -0.000893839 -0.97852 -0.20615 9.53393e-05 0.20615 -0.97852 1 -0.000894294 -9.0973e-05 -0.000645334 -0.194042 -0.0100062 -0.41 
1 -0.000888059 -0.998534 0.0541268 -0.000139245 -0.0541267 -0.998534 1 -0.000894294 -9.0973e-05 0.0495971 -0.187598 -0.0100062 -0.41 
1 -0.000821762 -0.950503 0.310715 -0.00036434 -0.310715 -0.950503 1 -0.000894294 -9.0973e-05 0.0964597 -0.16837 -0.0100062 -0.41 
1 -0.000699468 -0.837701 0.546129 -0.000564608 -0.546129 -0.837701 1 -0.000894294 -9.0973e-05 0.136749 -0.137668 -0.0100062 -0.41 
1 -0.000529508 -0.667814 0.744328 -0.000726401 -0.744328 -0.667814 1 -0.000894294 -9.0973e-05 0.16772 -0.0975853 -0.0100062 -0.41 
1 -0.000323466 -0.452419 0.891805 -0.000838694 -0.891805 -0.452419 1 -0.000894294 -9.0973e-05 0.187262 -0.0508525 -0.0100062 -0.41 
1 -9.53807e-05 -0.206195 0.978511 -0.000893834 -0.978511 -0.206195 1 -0.000894294 -9.0973e-05 0.194042 -0.000654324 -0.0100062 -0.41 
1 0.000139204 0.0540805 0.998537 -0.000888065 -0.998536 0.0540806 1 -0.000894294 -9.0973e-05 0.1876 0.0495884 -0.0100062 -0.41 
