1 -0.0614348 0.0238007 -0.997827 0.0034992 0.999715 0.0236303 0.998105 -0.00203988 -0.0615006 -0.189419 -0.0413085 -0.0200257 -0.678 
1 -0.0602472 -0.235748 -0.969945 -0.0125201 0.971812 -0.235424 0.998105 -0.00203988 -0.0615006 -0.172274 -0.0889249 -0.0200257 -0.678 
1 -0.0549542 -0.479232 -0.875966 -0.0276862 0.877686 -0.478436 0.998105 -0.00203988 -0.0615006 -0.14339 -0.130482 -0.0200257 -0.678 
1 -0.0459162 -0.690059 -0.722296 -0.0409656 0.723751 -0.688845 0.998105 -0.00203988 -0.0615006 -0.104734 -0.163147 -0.0200257 -0.678 
1 -0.0337494 -0.853862 -0.519404 -0.0514535 0.520496 -0.852313 0.998105 -0.00203988 -0.0615006 -0.0589412 -0.184694 -0.0200257 -0.678 
1 -0.0192827 -0.959479 -0.281119 -0.0584351 0.281772 -0.9577 0.998105 -0.00203988 -0.0615006 -0.00913189 -0.193656 -0.0200257 -0.678 
1 -0.00350205 -0.999714 -0.0236765 -0.0614347 0.023847 -0.997826 0.998105 -0.00203988 -0.0615006 0.0412997 -0.189421 -0.0200257 -0.678 
1 0.0125173 -0.971823 0.235379 -0.0602478 -0.235703 -0.969956 0.998105 -0.00203988 -0.0615006 0.0889169 -0.172278 -0.0200257 -0.678 
1 0.0276836 -0.877708 0.478395 -0.0549554 -0.479191 -0.875988 0.998105 -0.00203988 -0.0615006 0.130475 -0.143396 -0.0200257 -0.678 
1 0.0409635 -0.723783 0.688811 -0.0459181 -0.690025 -0.722327 0.998105 -0.00203988 -0.0615006 0.163142 -0.104741 -0.0200257 -0.678 
1 0.0514519 -0.520535 0.852289 -0.0337518 -0.853838 -0.519444 0.998105 -0.00203988 -0.0615006 0.184692 -0.0589497 -0.0200257 -0.678 
1 0.0584342 -0.281816 0.957687 -0.0192854 -0.959466 -0.281163 0.998105 -0.00203988 -0.0615006 0.193656 -0.00914086 -0.0200257 -0.678 
1 0.0614345 -0.0238933 0.997825 -0.00350489 -0.999712 -0.0237227 0.998105 -0.00203988 -0.0615006 0.189423 0.0412909 -0.0200257 -0.678 
1 0.0602484 0.235658 0.969967 0.0125145 -0.971834 0.235334 0.998105 -0.00203988 -0.0615006 0.172282 0.0889089 -0.0200257 -0.678 
1 0.0549567 0.47915 0.876011 0.0276811 -0.87773 0.478355 0.998105 -0.00203988 -0.0615006 0.143402 0.130468 -0.0200257 -0.678 
1 0.04592 0.689992 0.722359 0.0409614 -0.723815 0.688778 0.998105 -0.00203988 -0.0615006 0.104749 0.163137 -0.0200257 -0.678 
1 0.0337542 0.853814 0.519483 0.0514504 -0.520575 0.852264 0.998105 -0.00203988 -0.0615006 0.0589583 0.184689 -0.0200257 -0.678 
1 0.0192881 0.959453 0.281207 0.0584333 -0.281861 0.957674 0.998105 -0.00203988 -0.0615006 0.00914983 0.193655 -0.0200257 -0.678 
1 0.00350774 0.999711 0.0237689 0.0614343 -0.0239396 0.997824 0.998105 -0.00203988 -0.0615006 -0.0412821 0.189425 -0.0200257 -0.678 
1 -0.0125117 0.971845 -0.235289 0.060249 0.235613 0.969978 0.998105 -0.00203988 -0.0615006 -0.0889009 0.172287 -0.0200257 -0.678 
1 -0.0276785 0.877753 -0.478314 0.054958 0.47911 0.876033 0.998105 -0.00203988 -0.0615006 -0.130462 0.143408 -0.0200257 -0.678 
1 -0.0409592 0.723847 -0.688744 0.0459219 0.689958 0.722391 0.998105 -0.00203988 -0.0615006 -0.163132 0.104757 -0.0200257 -0.678 
1 -0.0514488 0.520614 -0.85224 0.0337566 0.85379 0.519523 0.998105 -0.00203988 -0.0615006 -0.184686 0.0589668 -0.0200257 -0.678 
1 -0.0584324 0.281905 -0.957661 0.0192908 0.95944 0.281252 0.998105 -0.00203988 -0.0615006 -0.193655 0.0091588 -0.0200257 -0.678 
1 -0.0614342 0.0239859 -0.997823 0.00351059 0.99971 0.0238152 0.998105 -0.00203988 -0.0615006 -0.189427 -0.0412734 -0.0200257 -0.678 
