1 -0.0697758 -0.00841776 -0.997527 -0.00238226 0.999963 -0.00827168 0.99756 0.0017992 -0.0697933 -0.187404 -0.0363683 -0.0237306 -0.368 
1 -0.0667819 -0.266933 -0.961398 -0.0203599 0.963713 -0.266161 0.99756 0.0017992 -0.0697933 -0.171606 -0.0836315 -0.0237306 -0.368 
1 -0.0592371 -0.507258 -0.859756 -0.0369501 0.861792 -0.505914 0.99756 0.0017992 -0.0697933 -0.144114 -0.125196 -0.0237306 -0.368 
1 -0.0476556 -0.713017 -0.699526 -0.0510224 0.701145 -0.711191 0.99756 0.0017992 -0.0697933 -0.106802 -0.158228 -0.0237306 -0.368 
1 -0.0328267 -0.870187 -0.491627 -0.0616178 0.492718 -0.868005 0.99756 0.0017992 -0.0697933 -0.0622117 -0.180479 -0.0237306 -0.368 
1 -0.0157609 -0.968059 -0.250226 -0.0680142 0.250716 -0.965668 0.99756 0.0017992 -0.0697933 -0.013382 -0.190431 -0.0237306 -0.368 
1 0.00237903 -0.999963 0.00822546 -0.0697759 -0.00837143 -0.997528 0.99756 0.0017992 -0.0697933 0.0363596 -0.187406 -0.0237306 -0.368 
1 0.0203568 -0.963726 0.266117 -0.0667828 -0.266888 -0.961411 0.99756 0.0017992 -0.0697933 0.0836235 -0.17161 -0.0237306 -0.368 
1 0.0369474 -0.861816 0.505874 -0.0592388 -0.507218 -0.859779 0.99756 0.0017992 -0.0697933 0.125189 -0.14412 -0.0237306 -0.368 
1 0.0510202 -0.701178 0.711159 -0.047658 -0.712984 -0.699559 0.99756 0.0017992 -0.0697933 0.158223 -0.106809 -0.0237306 -0.368 
1 0.0616162 -0.492759 0.867982 -0.0328296 -0.870164 -0.491667 0.99756 0.0017992 -0.0697933 0.180476 -0.0622201 -0.0237306 -0.368 
1 0.0680135 -0.250761 0.965657 -0.015764 -0.968047 -0.250271 0.99756 0.0017992 -0.0697933 0.19043 -0.0133908 -0.0237306 -0.368 
1 0.069776 0.00832511 0.997528 0.00237579 -0.999964 0.00817925 0.99756 0.0017992 -0.0697933 0.187407 0.036351 -0.0237306 -0.368 
1 0.0667837 0.266844 0.961423 0.0203537 -0.963738 0.266072 0.99756 0.0017992 -0.0697933 0.171614 0.0836156 -0.0237306 -0.368 
1 0.0592405 0.507178 0.859803 0.0369446 -0.861839 0.505834 0.99756 0.0017992 -0.0697933 0.144126 0.125182 -0.0237306 -0.368 
1 0.0476604 0.712952 0.699592 0.051018 -0.701211 0.711126 0.99756 0.0017992 -0.0697933 0.106817 0.158219 -0.0237306 -0.368 
1 0.0328324 0.870141 0.491707 0.0616147 -0.492799 0.867959 0.99756 0.0017992 -0.0697933 0.0622284 0.180473 -0.0237306 -0.368 
1 0.0157672 0.968036 0.250316 0.0680128 -0.250806 0.965645 0.99756 0.0017992 -0.0697933 0.0133996 0.190429 -0.0237306 -0.368 
1 -0.00237256 0.999964 -0.00813304 0.0697762 0.00827878 0.997528 0.99756 0.0017992 -0.0697933 -0.0363423 0.187409 -0.0237306 -0.368 
1 -0.0203506 0.963751 -0.266028 0.0667847 0.266799 0.961435 0.99756 0.0017992 -0.0697933 -0.0836076 0.171618 -0.0237306 -0.368 
1 -0.0369419 0.861863 -0.505794 0.0592422 0.507138 0.859826 0.99756 0.0017992 -0.0697933 -0.125176 0.144132 -0.0237306 -0.368 
1 -0.0510157 0.701244 -0.711094 0.0476627 0.712919 0.699625 0.99756 0.0017992 -0.0697933 -0.158214 0.106824 -0.0237306 -0.368 
1 -0.0616132 0.492839 -0.867936 0.0328353 0.870118 0.491748 0.99756 0.0017992 -0.0697933 -0.18047 0.0622368 -0.0237306 -0.368 
1 -0.068012 0.25085 -0.965634 0.0157703 0.968024 0.250361 0.99756 0.0017992 -0.0697933 -0.190429 0.0134084 -0.0237306 -0.368 
1 -0.0697763 -0.00823246 -0.997529 -0.00236933 0.999964 -0.00808683 0.99756 0.0017992 -0.0697933 -0.187411 -0.0363336 -0.0237306 -0.368 
