1 -0.00114569 0.998506 -0.0546376 -0.000758207 0.0546367 0.998506 0.999999 0.00118541 0.000694477 -0.042661 0.187974 -0.00998693 -0.382 
1 -0.000910423 0.950344 -0.311201 -0.00102889 0.3112 0.950344 0.999999 0.00118541 0.000694477 -0.0898573 0.170528 -0.00998693 -0.382 
1 -0.000613114 0.837421 -0.546558 -0.00122946 0.546557 0.837421 0.999999 0.00118541 0.000694477 -0.13093 0.141462 -0.00998693 -0.382 
1 -0.000274024 0.667433 -0.744669 -0.00134625 0.744669 0.667433 0.999999 0.00118541 0.000694477 -0.163081 0.102756 -0.00998693 -0.382 
1 8.37384e-05 0.451964 -0.892036 -0.0013713 0.892036 0.451963 0.999999 0.00118541 0.000694477 -0.184119 0.0570472 -0.00998693 -0.382 
1 0.000435795 0.205695 -0.978616 -0.00130291 0.978615 0.205694 0.999999 0.00118541 0.000694477 -0.19261 0.00745135 -0.00998693 -0.382 
1 0.000758154 -0.0545905 -0.998509 -0.00114573 0.998508 -0.0545913 0.999999 0.00118541 0.000694477 -0.187976 -0.0426523 -0.00998693 -0.382 
1 0.00102885 -0.311156 -0.950358 -0.000910471 0.950358 -0.311157 0.999999 0.00118541 0.000694477 -0.170532 -0.0898494 -0.00998693 -0.382 
1 0.00122943 -0.546518 -0.837447 -0.000613171 0.837447 -0.546519 0.999999 0.00118541 0.000694477 -0.141468 -0.130924 -0.00998693 -0.382 
1 0.00134624 -0.744638 -0.667468 -0.000274087 0.667468 -0.744639 0.999999 0.00118541 0.000694477 -0.102763 -0.163077 -0.00998693 -0.382 
1 0.00137131 -0.892015 -0.452004 8.36749e-05 0.452005 -0.892015 0.999999 0.00118541 0.000694477 -0.0570558 -0.184116 -0.00998693 -0.382 
1 0.00130293 -0.978606 -0.20574 0.000435734 0.20574 -0.978607 0.999999 0.00118541 0.000694477 -0.00746028 -0.19261 -0.00998693 -0.382 
1 0.00114576 -0.998511 0.054545 0.000758101 -0.0545442 -0.998511 0.999999 0.00118541 0.000694477 0.0426436 -0.187978 -0.00998693 -0.382 
1 0.000910518 -0.950373 0.311113 0.00102881 -0.311112 -0.950373 0.999999 0.00118541 0.000694477 0.0898415 -0.170537 -0.00998693 -0.382 
1 0.000613228 -0.837472 0.54648 0.00122941 -0.546479 -0.837472 0.999999 0.00118541 0.000694477 0.130917 -0.141474 -0.00998693 -0.382 
1 0.000274149 -0.667502 0.744608 0.00134623 -0.744607 -0.667502 0.999999 0.00118541 0.000694477 0.163072 -0.102771 -0.00998693 -0.382 
1 -8.36114e-05 -0.452046 0.891995 0.00137131 -0.891994 -0.452046 0.999999 0.00118541 0.000694477 0.184114 -0.0570643 -0.00998693 -0.382 
1 -0.000435674 -0.205786 0.978597 0.00130295 -0.978596 -0.205785 0.999999 0.00118541 0.000694477 0.19261 -0.0074692 -0.00998693 -0.382 
1 -0.000758048 0.0544979 0.998514 0.0011458 -0.998513 0.0544988 0.999999 0.00118541 0.000694477 0.18798 0.0426349 -0.00998693 -0.382 
1 -0.00102877 0.311068 0.950387 0.000910566 -0.950387 0.311069 0.999999 0.00118541 0.000694477 0.170541 0.0898336 -0.00998693 -0.382 
1 -0.00122938 0.54644 0.837497 0.000613285 -0.837497 0.546441 0.999999 0.00118541 0.000694477 0.14148 0.130911 -0.00998693 -0.382 
1 -0.00134622 0.744576 0.667537 0.000274211 -0.667537 0.744577 0.999999 0.00118541 0.000694477 0.102778 0.163067 -0.00998693 -0.382 
1 -0.00137132 0.891973 0.452087 -8.35478e-05 -0.452088 0.891974 0.999999 0.00118541 0.000694477 0.0570728 0.184111 -0.00998693 -0.382 
1 -0.00130297 0.978587 0.20583 -0.000435614 -0.205831 0.978587 0.999999 0.00118541 0.000694477 0.00747812 0.192609 -0.00998693 -0.382 
1 -0.00114583 0.998516 -0.0544525 -0.000757995 0.0544517 0.998516 0.999999 0.00118541 0.000694477 -0.0426262 0.187982 -0.00998693 -0.382 
