1 0.0116606 0.035233 -0.999311 -0.000303874 0.999379 0.0352319 0.999932 -0.000107161 0.0116641 -0.191701 -0.0278054 -0.00793606 -0.402 
1 0.011342 -0.224618 -0.974381 0.00272438 0.974447 -0.224602 0.999932 -0.000107161 0.0116641 -0.177973 -0.0764724 -0.00793606 -0.402 
1 0.0102504 -0.469163 -0.883052 0.00556699 0.883111 -0.46913 0.999932 -0.000107161 0.0116641 -0.152117 -0.119928 -0.00793606 -0.402 
1 0.00846036 -0.681737 -0.731548 0.00803024 0.731597 -0.68169 0.999932 -0.000107161 0.0116641 -0.115895 -0.155212 -0.00793606 -0.402 
1 0.00609378 -0.847855 -0.530193 0.00994627 0.530228 -0.847796 0.999932 -0.000107161 0.0116641 -0.0717758 -0.179918 -0.00793606 -0.402 
1 0.00331194 -0.956196 -0.292709 0.0111845 0.292728 -0.95613 0.999932 -0.000107161 0.0116641 -0.0227653 -0.192364 -0.00793606 -0.402 
1 0.000304414 -0.999377 -0.0352781 0.0116606 0.0352793 -0.999309 0.999932 -0.000107161 0.0116641 0.0277965 -0.191702 -0.00793606 -0.402 
1 -0.00272386 -0.974457 0.224557 0.0113421 -0.224573 -0.974391 0.999932 -0.000107161 0.0116641 0.0764641 -0.177976 -0.00793606 -0.402 
1 -0.00556651 -0.883133 0.469089 0.0102507 -0.469122 -0.883074 0.999932 -0.000107161 0.0116641 0.119921 -0.152122 -0.00793606 -0.402 
1 -0.00802984 -0.731629 0.681656 0.00846073 -0.681703 -0.73158 0.999932 -0.000107161 0.0116641 0.155206 -0.115902 -0.00793606 -0.402 
1 -0.00994599 -0.530268 0.847772 0.00609424 -0.84783 -0.530233 0.999932 -0.000107161 0.0116641 0.179915 -0.0717841 -0.00793606 -0.402 
1 -0.0111844 -0.292772 0.956117 0.00331246 -0.956182 -0.292753 0.999932 -0.000107161 0.0116641 0.192363 -0.0227742 -0.00793606 -0.402 
1 -0.0116606 -0.0353256 0.999308 0.000304954 -0.999376 -0.0353244 0.999932 -0.000107161 0.0116641 0.191703 0.0277876 -0.00793606 -0.402 
1 -0.0113422 0.224528 0.974402 -0.00272333 -0.974468 0.224512 0.999932 -0.000107161 0.0116641 0.17798 0.0764559 -0.00793606 -0.402 
1 -0.0102509 0.469081 0.883095 -0.00556604 -0.883155 0.469048 0.999932 -0.000107161 0.0116641 0.152128 0.119914 -0.00793606 -0.402 
1 -0.0084611 0.68167 0.731611 -0.00802945 -0.73166 0.681622 0.999932 -0.000107161 0.0116641 0.11591 0.155201 -0.00793606 -0.402 
1 -0.0060947 0.847806 0.530272 -0.0099457 -0.530307 0.847747 0.999932 -0.000107161 0.0116641 0.0717925 0.179912 -0.00793606 -0.402 
1 -0.00331298 0.956169 0.292798 -0.0111842 -0.292816 0.956103 0.999932 -0.000107161 0.0116641 0.0227831 0.192362 -0.00793606 -0.402 
1 -0.000305494 0.999374 0.0353707 -0.0116606 -0.0353719 0.999306 0.999932 -0.000107161 0.0116641 -0.0277787 0.191705 -0.00793606 -0.402 
1 0.00272281 0.974478 -0.224466 -0.0113423 0.224483 0.974412 0.999932 -0.000107161 0.0116641 -0.0764476 0.177983 -0.00793606 -0.402 
1 0.00556556 0.883177 -0.469008 -0.0102512 0.469041 0.883117 0.999932 -0.000107161 0.0116641 -0.119907 0.152134 -0.00793606 -0.402 
1 0.00802906 0.731692 -0.681588 -0.00846148 0.681636 0.731643 0.999932 -0.000107161 0.0116641 -0.155195 0.115917 -0.00793606 -0.402 
1 0.00994542 0.530346 -0.847723 -0.00609516 0.847781 0.530311 0.999932 -0.000107161 0.0116641 -0.179908 0.0718008 -0.00793606 -0.402 
1 0.0111841 0.292861 -0.95609 -0.0033135 0.956155 0.292842 0.999932 -0.000107161 0.0116641 -0.192361 0.0227921 -0.00793606 -0.402 
1 0.0116606 0.0354182 -0.999305 -0.000306035 0.999373 0.035417 0.999932 -0.000107161 0.0116641 -0.191706 -0.0277698 -0.00793606 -0.402 
