1 0.00468874 0.407542 -0.913174 -0.00189628 0.913187 0.407537 0.999987 -0.000179203 0.00505451 -0.189515 0.0411492 -0.00913664 -0.528 
1 0.00501976 0.157313 -0.987536 -0.000618169 0.987549 0.157312 0.999987 -0.000179203 0.00505451 -0.193708 -0.00930155 -0.00913664 -0.528 
1 0.00500872 -0.103636 -0.994603 0.000702066 0.994615 -0.103634 0.999987 -0.000179203 0.00505451 -0.1847 -0.0591184 -0.00913664 -0.528 
1 0.00465636 -0.357523 -0.933893 0.00197446 0.933904 -0.357518 0.999987 -0.000179203 0.00505451 -0.163107 -0.104907 -0.00913664 -0.528 
1 0.00398669 -0.587047 -0.809543 0.0031123 0.809553 -0.587039 0.999987 -0.000179203 0.00505451 -0.130398 -0.143546 -0.00913664 -0.528 
1 0.00304536 -0.776567 -0.630028 0.00403806 0.630035 -0.776556 0.999987 -0.000179203 0.00505451 -0.0888038 -0.172404 -0.00913664 -0.528 
1 0.0018965 -0.913168 -0.40758 0.00468865 0.407584 -0.913156 0.999987 -0.000179203 0.00505451 -0.0411579 -0.189513 -0.00913664 -0.528 
1 0.000618402 -0.987542 -0.157357 0.00501973 0.157359 -0.987529 0.999987 -0.000179203 0.00505451 0.00929257 -0.193708 -0.00913664 -0.528 
1 -0.000701834 -0.99462 0.103588 0.00500875 -0.10359 -0.994607 0.999987 -0.000179203 0.00505451 0.0591098 -0.184703 -0.00913664 -0.528 
1 -0.00197424 -0.933921 0.357474 0.00465645 -0.35748 -0.933909 0.999987 -0.000179203 0.00505451 0.104899 -0.163111 -0.00913664 -0.528 
1 -0.00311212 -0.80958 0.587001 0.00398684 -0.587009 -0.80957 0.999987 -0.000179203 0.00505451 0.14354 -0.130405 -0.00913664 -0.528 
1 -0.00403792 -0.630071 0.776527 0.00304554 -0.776537 -0.630064 0.999987 -0.000179203 0.00505451 0.1724 -0.0888117 -0.00913664 -0.528 
1 -0.00468856 -0.407626 0.913137 0.00189671 -0.913149 -0.407622 0.999987 -0.000179203 0.00505451 0.189511 -0.0411667 -0.00913664 -0.528 
1 -0.0050197 -0.157404 0.987521 0.000618634 -0.987534 -0.157403 0.999987 -0.000179203 0.00505451 0.193708 0.0092836 -0.00913664 -0.528 
1 -0.00500878 0.103544 0.994612 -0.000701602 -0.994625 0.103542 0.999987 -0.000179203 0.00505451 0.184706 0.0591013 -0.00913664 -0.528 
1 -0.00465654 0.357437 0.933926 -0.00197403 -0.933937 0.357431 0.999987 -0.000179203 0.00505451 0.163116 0.104892 -0.00913664 -0.528 
1 -0.00398698 0.586972 0.809598 -0.00311193 -0.809607 0.586964 0.999987 -0.000179203 0.00505451 0.130411 0.143534 -0.00913664 -0.528 
1 -0.00304573 0.776508 0.6301 -0.00403778 -0.630107 0.776498 0.999987 -0.000179203 0.00505451 0.0888197 0.172396 -0.00913664 -0.528 
1 -0.00189693 0.91313 0.407664 -0.00468847 -0.407669 0.913118 0.999987 -0.000179203 0.00505451 0.0411755 0.189509 -0.00913664 -0.528 
1 -0.000618867 0.987527 0.157449 -0.00501968 -0.15745 0.987514 0.999987 -0.000179203 0.00505451 -0.00927463 0.193709 -0.00913664 -0.528 
1 0.00070137 0.99463 -0.103496 -0.00500881 0.103498 0.994617 0.999987 -0.000179203 0.00505451 -0.0590927 0.184708 -0.00913664 -0.528 
1 0.00197381 0.933954 -0.357388 -0.00465663 0.357393 0.933942 0.999987 -0.000179203 0.00505451 -0.104884 0.163121 -0.00913664 -0.528 
1 0.00311175 0.809635 -0.586926 -0.00398712 0.586934 0.809625 0.999987 -0.000179203 0.00505451 -0.143528 0.130418 -0.00913664 -0.528 
1 0.00403764 0.630143 -0.776468 -0.00304592 0.776479 0.630136 0.999987 -0.000179203 0.00505451 -0.172391 0.0888277 -0.00913664 -0.528 
1 0.00468839 0.407711 -0.913099 -0.00189715 0.913111 0.407707 0.999987 -0.000179203 0.00505451 -0.189507 0.0411843 -0.00913664 -0.528 
