1 -0.115697 -0.0376609 -0.99257 0.0189899 0.999014 -0.0401189 0.993103 -0.0234905 -0.114867 -0.185949 -0.0515349 -0.0284752 -0.628 
1 -0.116669 -0.294934 -0.948368 -0.0116007 0.955229 -0.295641 0.993103 -0.0234905 -0.114867 -0.166276 -0.0979048 -0.0284752 -0.628 
1 -0.109692 -0.532109 -0.83954 -0.0414008 0.84635 -0.531016 0.993103 -0.0234905 -0.114867 -0.135271 -0.137603 -0.0284752 -0.628 
1 -0.0952393 -0.733024 -0.673502 -0.0683797 0.679797 -0.730206 0.993103 -0.0234905 -0.114867 -0.0950491 -0.167924 -0.0284752 -0.628 
1 -0.0742969 -0.883988 -0.461568 -0.0906989 0.466919 -0.879636 0.993103 -0.0234905 -0.114867 -0.0483498 -0.186803 -0.0284752 -0.628 
1 -0.0482915 -0.974713 -0.218182 -0.106837 0.222224 -0.969124 0.993103 -0.0234905 -0.114867 0.00164428 -0.192951 -0.0284752 -0.628 
1 -0.0189953 -0.999016 0.0400729 -0.115696 -0.0376146 -0.992572 0.993103 -0.0234905 -0.114867 0.0515263 -0.185951 -0.0284752 -0.628 
1 0.0115953 -0.955242 0.295597 -0.11667 -0.29489 -0.948382 0.993103 -0.0234905 -0.114867 0.0978971 -0.16628 -0.0284752 -0.628 
1 0.0413957 -0.846374 0.530977 -0.109694 -0.53207 -0.839565 0.993103 -0.0234905 -0.114867 0.137597 -0.135278 -0.0284752 -0.628 
1 0.0683753 -0.679831 0.730175 -0.0952425 -0.732993 -0.673536 0.993103 -0.0234905 -0.114867 0.16792 -0.0950569 -0.0284752 -0.628 
1 0.0906955 -0.46696 0.879615 -0.0743011 -0.883966 -0.461609 0.993103 -0.0234905 -0.114867 0.1868 -0.0483584 -0.0284752 -0.628 
1 0.106835 -0.222269 0.969114 -0.0482964 -0.974702 -0.218227 0.993103 -0.0234905 -0.114867 0.192951 0.00163534 -0.0284752 -0.628 
1 0.115695 0.0375683 0.992574 -0.0190007 -0.999018 0.0400269 0.993103 -0.0234905 -0.114867 0.185954 0.0515177 -0.0284752 -0.628 
1 0.11667 0.294846 0.948396 0.0115899 -0.955256 0.295553 0.993103 -0.0234905 -0.114867 0.166285 0.0978894 -0.0284752 -0.628 
1 0.109696 0.532031 0.839589 0.0413907 -0.846399 0.530938 0.993103 -0.0234905 -0.114867 0.135284 0.13759 -0.0284752 -0.628 
1 0.0952457 0.732961 0.673569 0.0683709 -0.679865 0.730144 0.993103 -0.0234905 -0.114867 0.0950646 0.167916 -0.0284752 -0.628 
1 0.0743053 0.883945 0.46165 0.090692 -0.467001 0.879594 0.993103 -0.0234905 -0.114867 0.0483671 0.186798 -0.0284752 -0.628 
1 0.0483014 0.974692 0.218271 0.106833 -0.222314 0.969104 0.993103 -0.0234905 -0.114867 -0.0016264 0.192951 -0.0284752 -0.628 
1 0.019006 0.99902 -0.0399809 0.115694 0.037522 0.992576 0.993103 -0.0234905 -0.114867 -0.0515091 0.185956 -0.0284752 -0.628 
1 -0.0115845 0.95527 -0.295509 0.116671 0.294801 0.948409 0.993103 -0.0234905 -0.114867 -0.0978817 0.166289 -0.0284752 -0.628 
1 -0.0413856 0.846424 -0.5309 0.109698 0.531992 0.839614 0.993103 -0.0234905 -0.114867 -0.137584 0.13529 -0.0284752 -0.628 
1 -0.0683665 0.679898 -0.730112 0.0952488 0.73293 0.673603 0.993103 -0.0234905 -0.114867 -0.167911 0.0950724 -0.0284752 -0.628 
1 -0.0906886 0.467042 -0.879572 0.0743095 0.883923 0.461691 0.993103 -0.0234905 -0.114867 -0.186796 0.0483757 -0.0284752 -0.628 
1 -0.106831 0.222359 -0.969094 0.0483063 0.974682 0.218316 0.993103 -0.0234905 -0.114867 -0.192952 -0.00161746 -0.0284752 -0.628 
1 -0.115693 -0.0374757 -0.992578 0.0190114 0.999021 -0.0399349 0.993103 -0.0234905 -0.114867 -0.185959 -0.0515004 -0.0284752 -0.628 
