1 -0.00811731 0.556385 -0.830885 0.00886898 0.83092 0.556322 0.999928 -0.00285326 -0.0116794 -0.174549 0.081317 -0.0119435 -0.314 
1 -0.0101361 0.322376 -0.946557 0.00646594 0.946607 0.322324 0.999928 -0.00285326 -0.0116794 -0.189647 0.0333711 -0.0119435 -0.314 
1 -0.0114642 0.0663994 -0.997727 0.00362228 0.997789 0.0663619 0.999928 -0.00285326 -0.0116794 -0.191822 -0.0168489 -0.0119435 -0.314 
1 -0.0120111 -0.194102 -0.980908 0.000531788 0.980977 -0.194123 0.999928 -0.00285326 -0.0116794 -0.180926 -0.0659207 -0.0119435 -0.314 
1 -0.0117395 -0.441377 -0.897245 -0.00259495 0.897317 -0.441379 0.999928 -0.00285326 -0.0116794 -0.1577 -0.1105 -0.0119435 -0.314 
1 -0.0106679 -0.658575 -0.75244 -0.00554485 0.75251 -0.658557 0.999928 -0.00285326 -0.0116794 -0.123728 -0.14755 -0.0119435 -0.314 
1 -0.00886936 -0.830894 -0.55636 -0.0081169 0.556424 -0.830859 0.999928 -0.00285326 -0.0116794 -0.0813251 -0.174545 -0.0119435 -0.314 
1 -0.00646641 -0.946592 -0.322368 -0.0101358 0.32242 -0.946542 0.999928 -0.00285326 -0.0116794 -0.0333799 -0.189646 -0.0119435 -0.314 
1 -0.00362281 -0.997786 -0.0664081 -0.0114641 0.0664456 -0.997724 0.999928 -0.00285326 -0.0116794 0.01684 -0.191823 -0.0119435 -0.314 
1 -0.000532345 -0.980986 0.194077 -0.0120111 -0.194057 -0.980917 0.999928 -0.00285326 -0.0116794 0.0659123 -0.180929 -0.0119435 -0.314 
1 0.0025944 -0.897338 0.441337 -0.0117396 -0.441336 -0.897265 0.999928 -0.00285326 -0.0116794 0.110493 -0.157706 -0.0119435 -0.314 
1 0.00554435 -0.752541 0.658523 -0.0106682 -0.65854 -0.75247 0.999928 -0.00285326 -0.0116794 0.147544 -0.123735 -0.0119435 -0.314 
1 0.00811649 -0.556462 0.830833 -0.00886973 -0.830868 -0.556399 0.999928 -0.00285326 -0.0116794 0.174541 -0.0813332 -0.0119435 -0.314 
1 0.0101355 -0.322464 0.946527 -0.00646688 -0.946577 -0.322412 0.999928 -0.00285326 -0.0116794 0.189644 -0.0333887 -0.0119435 -0.314 
1 0.0114639 -0.0664918 0.997721 -0.00362335 -0.997783 -0.0664543 0.999928 -0.00285326 -0.0116794 0.191824 0.0168311 -0.0119435 -0.314 
1 0.0120111 0.194011 0.980926 -0.000532901 -0.980995 0.194032 0.999928 -0.00285326 -0.0116794 0.180932 0.0659039 -0.0119435 -0.314 
1 0.0117397 0.441294 0.897286 0.00259386 -0.897358 0.441296 0.999928 -0.00285326 -0.0116794 0.157711 0.110486 -0.0119435 -0.314 
1 0.0106684 0.658505 0.752501 0.00554386 -0.752571 0.658488 0.999928 -0.00285326 -0.0116794 0.123742 0.147539 -0.0119435 -0.314 
1 0.00887011 0.830842 0.556437 0.00811608 -0.556501 0.830807 0.999928 -0.00285326 -0.0116794 0.0813413 0.174538 -0.0119435 -0.314 
1 0.00646735 0.946562 0.322456 0.0101352 -0.322508 0.946513 0.999928 -0.00285326 -0.0116794 0.0333974 0.189643 -0.0119435 -0.314 
1 0.00362388 0.99778 0.0665005 0.0114637 -0.066538 0.997718 0.999928 -0.00285326 -0.0116794 -0.0168222 0.191825 -0.0119435 -0.314 
1 0.000533457 0.981004 -0.193986 0.012011 0.193966 0.980935 0.999928 -0.00285326 -0.0116794 -0.0658955 0.180935 -0.0119435 -0.314 
1 -0.00259331 0.897378 -0.441254 0.0117399 0.441252 0.897306 0.999928 -0.00285326 -0.0116794 -0.110478 0.157716 -0.0119435 -0.314 
1 -0.00554337 0.752602 -0.658453 0.0106687 0.65847 0.752531 0.999928 -0.00285326 -0.0116794 -0.147533 0.123749 -0.0119435 -0.314 
1 -0.00811567 0.556539 -0.830782 0.00887048 0.830816 0.556476 0.999928 -0.00285326 -0.0116794 -0.174534 0.0813493 -0.0119435 -0.314 
