1 -0.0436095 0.885128 -0.4633 -0.0219848 0.462779 0.886201 0.998807 0.0488324 -0.000722181 -0.133212 0.144735 -0.0130599 -0.824 
1 -0.0364337 0.735197 -0.676874 -0.0325224 0.676092 0.736099 0.998807 0.0488324 -0.000722181 -0.166132 0.105326 -0.0130599 -0.824 
1 -0.0267752 0.535167 -0.844322 -0.0408438 0.843334 0.535836 0.998807 0.0488324 -0.000722181 -0.187731 0.0587409 -0.0130599 -0.824 
1 -0.015292 0.298668 -0.954235 -0.0463819 0.953107 0.299058 0.998807 0.0488324 -0.000722181 -0.196538 0.00815246 -0.0130599 -0.824 
1 -0.00276685 0.0418164 -0.999121 -0.0487593 0.997931 0.0419017 0.998807 0.0488324 -0.000722181 -0.191951 -0.0429915 -0.0130599 -0.824 
1 0.0099469 -0.217885 -0.975924 -0.0478141 0.974752 -0.21811 0.998807 0.0488324 -0.000722181 -0.174284 -0.0912058 -0.0130599 -0.824 
1 0.0219828 -0.462738 -0.886223 -0.0436106 0.885149 -0.463259 0.998807 0.0488324 -0.000722181 -0.144741 -0.133205 -0.0130599 -0.824 
1 0.0325207 -0.676058 -0.73613 -0.0364352 0.735228 -0.67684 0.998807 0.0488324 -0.000722181 -0.105334 -0.166127 -0.0130599 -0.824 
1 0.0408425 -0.843309 -0.535875 -0.0267771 0.535206 -0.844297 0.998807 0.0488324 -0.000722181 -0.0587496 -0.187728 -0.0130599 -0.824 
1 0.0463812 -0.953093 -0.299102 -0.0152942 0.298712 -0.954221 0.998807 0.0488324 -0.000722181 -0.00816157 -0.196537 -0.0130599 -0.824 
1 0.0487592 -0.997929 -0.0419479 -0.0027691 0.0418627 -0.99912 0.998807 0.0488324 -0.000722181 0.0429826 -0.191953 -0.0130599 -0.824 
1 0.0478145 -0.974762 0.218065 0.00994468 -0.217839 -0.975934 0.998807 0.0488324 -0.000722181 0.0911978 -0.174288 -0.0130599 -0.824 
1 0.0436116 -0.885171 0.463218 0.0219808 -0.462697 -0.886244 0.998807 0.0488324 -0.000722181 0.133198 -0.144747 -0.0130599 -0.824 
1 0.0364367 -0.73526 0.676805 0.032519 -0.676024 -0.736162 0.998807 0.0488324 -0.000722181 0.166122 -0.105342 -0.0130599 -0.824 
1 0.026779 -0.535245 0.844272 0.0408413 -0.843284 -0.535914 0.998807 0.0488324 -0.000722181 0.187726 -0.0587583 -0.0130599 -0.824 
1 0.0152963 -0.298756 0.954207 0.0463805 -0.953079 -0.299147 0.998807 0.0488324 -0.000722181 0.196537 -0.00817067 -0.0130599 -0.824 
1 0.00277136 -0.0419089 0.999118 0.048759 -0.997927 -0.0419942 0.998807 0.0488324 -0.000722181 0.191955 0.0429737 -0.0130599 -0.824 
1 -0.00994247 0.217794 0.975944 0.047815 -0.974772 0.21802 0.998807 0.0488324 -0.000722181 0.174293 0.0911897 -0.0130599 -0.824 
1 -0.0219788 0.462656 0.886265 0.0436126 -0.885192 0.463177 0.998807 0.0488324 -0.000722181 0.144753 0.133192 -0.0130599 -0.824 
1 -0.0325174 0.67599 0.736193 0.0364383 -0.735291 0.676771 0.998807 0.0488324 -0.000722181 0.10535 0.166117 -0.0130599 -0.824 
1 -0.0408401 0.843259 0.535953 0.0267809 -0.535284 0.844248 0.998807 0.0488324 -0.000722181 0.058767 0.187723 -0.0130599 -0.824 
1 -0.0463797 0.953065 0.299191 0.0152985 -0.2988 0.954193 0.998807 0.0488324 -0.000722181 0.00817978 0.196536 -0.0130599 -0.824 
1 -0.0487589 0.997925 0.0420405 0.00277362 -0.0419551 0.999116 0.998807 0.0488324 -0.000722181 -0.0429648 0.191957 -0.0130599 -0.824 
1 -0.0478154 0.974782 -0.217975 -0.00994025 0.217749 0.975954 0.998807 0.0488324 -0.000722181 -0.0911816 0.174297 -0.0130599 -0.824 
1 -0.0436136 0.885213 -0.463136 -0.0219768 0.462615 0.886287 0.998807 0.0488324 -0.000722181 -0.133185 0.144759 -0.0130599 -0.824 
