1 0.0210344 -0.0456882 -0.998734 0.00127754 0.998956 -0.0456715 0.999778 -0.00031525 0.0210708 -0.188846 -0.0428992 -0.00607442 -0.414 
1 0.0199871 -0.302673 -0.952885 0.00667796 0.953094 -0.302599 0.999778 -0.00031525 0.0210708 -0.171309 -0.0903131 -0.00607442 -0.414 
1 0.0175777 -0.539032 -0.842102 0.0116233 0.842285 -0.538907 0.999778 -0.00031525 0.0210708 -0.142098 -0.131573 -0.00607442 -0.414 
1 0.0139706 -0.738659 -0.673934 0.0157766 0.674079 -0.738491 0.999778 -0.00031525 0.0210708 -0.103204 -0.163866 -0.00607442 -0.414 
1 0.00941141 -0.887951 -0.459842 0.0188548 0.459938 -0.887751 0.999778 -0.00031525 0.0210708 -0.0572769 -0.184993 -0.00607442 -0.414 
1 0.00421089 -0.976734 -0.214414 0.0206482 0.214455 -0.976516 0.999778 -0.00031525 0.0210708 -0.00744698 -0.193514 -0.00607442 -0.414 
1 -0.00127657 -0.998958 0.0456252 0.0210345 -0.045642 -0.998736 0.999778 -0.00031525 0.0210708 0.0428904 -0.188848 -0.00607442 -0.414 
1 -0.00667703 -0.953108 0.302555 0.0199874 -0.302629 -0.952899 0.999778 -0.00031525 0.0210708 0.0903051 -0.171313 -0.00607442 -0.414 
1 -0.0116225 -0.84231 0.538868 0.0175783 -0.538993 -0.842127 0.999778 -0.00031525 0.0210708 0.131566 -0.142104 -0.00607442 -0.414 
1 -0.015776 -0.674113 0.73846 0.0139713 -0.738628 -0.673968 0.999778 -0.00031525 0.0210708 0.163861 -0.103211 -0.00607442 -0.414 
1 -0.0188544 -0.459979 0.887729 0.00941228 -0.88793 -0.459883 0.999778 -0.00031525 0.0210708 0.184991 -0.0572855 -0.00607442 -0.414 
1 -0.020648 -0.2145 0.976506 0.00421185 -0.976724 -0.214459 0.999778 -0.00031525 0.0210708 0.193514 -0.00745594 -0.00607442 -0.414 
1 -0.0210345 0.0455957 0.998738 -0.00127559 -0.99896 0.0455789 0.999778 -0.00031525 0.0210708 0.18885 0.0428817 -0.00607442 -0.414 
1 -0.0199877 0.302585 0.952913 -0.00667611 -0.953122 0.302511 0.999778 -0.00031525 0.0210708 0.171317 0.0902972 -0.00607442 -0.414 
1 -0.0175788 0.538954 0.842152 -0.0116217 -0.842335 0.538829 0.999778 -0.00031525 0.0210708 0.14211 0.131559 -0.00607442 -0.414 
1 -0.013972 0.738597 0.674003 -0.0157753 -0.674147 0.738428 0.999778 -0.00031525 0.0210708 0.103219 0.163857 -0.00607442 -0.414 
1 -0.00941315 0.887908 0.459924 -0.0188539 -0.46002 0.887708 0.999778 -0.00031525 0.0210708 0.0572941 0.184988 -0.00607442 -0.414 
1 -0.00421281 0.976714 0.214504 -0.0206478 -0.214546 0.976496 0.999778 -0.00031525 0.0210708 0.00746491 0.193513 -0.00607442 -0.414 
1 0.00127462 0.998962 -0.0455327 -0.0210346 0.0455494 0.998741 0.999778 -0.00031525 0.0210708 -0.042873 0.188852 -0.00607442 -0.414 
1 0.00667518 0.953137 -0.302467 -0.019988 0.30254 0.952927 0.999778 -0.00031525 0.0210708 -0.0902893 0.171321 -0.00607442 -0.414 
1 0.0116209 0.84236 -0.53879 -0.0175794 0.538915 0.842177 0.999778 -0.00031525 0.0210708 -0.131553 0.142116 -0.00607442 -0.414 
1 0.0157747 0.674182 -0.738397 -0.0139728 0.738566 0.674037 0.999778 -0.00031525 0.0210708 -0.163852 0.103227 -0.00607442 -0.414 
1 0.0188535 0.460062 -0.887687 -0.00941403 0.887887 0.459965 0.999778 -0.00031525 0.0210708 -0.184985 0.0573026 -0.00607442 -0.414 
1 0.0206476 0.214591 -0.976486 -0.00421376 0.976704 0.21455 0.999778 -0.00031525 0.0210708 -0.193513 0.00747387 -0.00607442 -0.414 
1 0.0210346 -0.0455031 -0.998743 0.00127364 0.998964 -0.0454864 0.999778 -0.00031525 0.0210708 -0.188854 -0.0428642 -0.00607442 -0.414 
