1 -0.000479594 -0.00235677 0.999997 -0.00104868 -0.999997 -0.00235727 0.999999 -0.00104981 0.000477121 0.231925 0.0369012 -0.0735307 -0.404 
1 -0.000191843 0.256534 0.966535 -0.00113707 -0.966535 0.256534 0.999999 -0.00104981 0.000477121 0.214473 0.0956688 -0.0735307 -0.404 
1 0.00010898 0.497944 0.867209 -0.00114798 -0.867209 0.497944 0.999999 -0.00104981 0.000477121 0.182405 0.147917 -0.0735307 -0.404 
1 0.000402378 0.705422 0.708788 -0.00108066 -0.708787 0.705421 0.999999 -0.00104981 0.000477121 0.137907 0.190086 -0.0735307 -0.404 
1 0.000668356 0.864829 0.502067 -0.0009397 -0.502066 0.864829 0.999999 -0.00104981 0.000477121 0.084012 0.219301 -0.0735307 -0.404 
1 0.000888789 0.965303 0.261133 -0.000734704 -0.261132 0.965303 0.999999 -0.00104981 0.000477121 0.0243919 0.233572 -0.0735307 -0.404 
1 0.00104866 0.999997 0.0024036 -0.000479643 -0.0024031 0.999997 0.999999 -0.00104981 0.000477121 -0.0368904 0.231927 -0.0735307 -0.404 
1 0.00113706 0.966546 -0.256489 -0.000191896 0.256489 0.966547 0.999999 -0.00104981 0.000477121 -0.0956588 0.214477 -0.0735307 -0.404 
1 0.00114799 0.867232 -0.497904 0.000108927 0.497904 0.867232 0.999999 -0.00104981 0.000477121 -0.147909 0.182412 -0.0735307 -0.404 
1 0.00108068 0.70882 -0.705389 0.000402328 0.705389 0.708821 0.999999 -0.00104981 0.000477121 -0.190079 0.137916 -0.0735307 -0.404 
1 0.000939731 0.502106 -0.864805 0.000668312 0.864805 0.502107 0.999999 -0.00104981 0.000477121 -0.219297 0.0840222 -0.0735307 -0.404 
1 0.000734746 0.261177 -0.965291 0.000888755 0.96529 0.261177 0.999999 -0.00104981 0.000477121 -0.233571 0.0244027 -0.0735307 -0.404 
1 0.000479691 0.00244942 -0.999997 0.00104863 0.999996 0.00244993 0.999999 -0.00104981 0.000477121 -0.231929 -0.0368797 -0.0735307 -0.404 
1 0.000191949 -0.256445 -0.966559 0.00113705 0.966558 -0.256444 0.999999 -0.00104981 0.000477121 -0.214481 -0.0956489 -0.0735307 -0.404 
1 -0.000108874 -0.497864 -0.867255 0.00114799 0.867255 -0.497863 0.999999 -0.00104981 0.000477121 -0.182419 -0.1479 -0.0735307 -0.404 
1 -0.000402278 -0.705356 -0.708853 0.0010807 0.708853 -0.705356 0.999999 -0.00104981 0.000477121 -0.137925 -0.190073 -0.0735307 -0.404 
1 -0.000668268 -0.864782 -0.502147 0.000939762 0.502146 -0.864782 0.999999 -0.00104981 0.000477121 -0.0840323 -0.219293 -0.0735307 -0.404 
1 -0.00088872 -0.965278 -0.261222 0.000734787 0.261221 -0.965279 0.999999 -0.00104981 0.000477121 -0.0244135 -0.23357 -0.0735307 -0.404 
1 -0.00104861 -0.999996 -0.00249625 0.00047974 0.00249575 -0.999997 0.999999 -0.00104981 0.000477121 0.0368689 -0.23193 -0.0735307 -0.404 
1 -0.00113704 -0.96657 0.2564 0.000192001 -0.2564 -0.966571 0.999999 -0.00104981 0.000477121 0.095639 -0.214486 -0.0735307 -0.404 
1 -0.001148 -0.867278 0.497823 -0.000108821 -0.497823 -0.867278 0.999999 -0.00104981 0.000477121 0.147892 -0.182425 -0.0735307 -0.404 
1 -0.00108072 -0.708885 0.705323 -0.000402228 -0.705323 -0.708886 0.999999 -0.00104981 0.000477121 0.190067 -0.137934 -0.0735307 -0.404 
1 -0.000939793 -0.502186 0.864759 -0.000668225 -0.864759 -0.502187 0.999999 -0.00104981 0.000477121 0.219289 -0.0840425 -0.0735307 -0.404 
1 -0.000734828 -0.261266 0.965267 -0.000888686 -0.965266 -0.261267 0.999999 -0.00104981 0.000477121 0.233569 -0.0244244 -0.0735307 -0.404 
1 -0.000479788 -0.00254208 0.999997 -0.00104859 -0.999996 -0.00254258 0.999999 -0.00104981 0.000477121 0.231932 0.0368582 -0.0735307 -0.404 
