1 0.00585212 -0.103756 -0.994586 -0.0107752 0.994538 -0.103814 0.999925 0.0113244 0.00470217 -0.185766 -0.0515547 0.0338284 -0.352 
1 0.00844146 -0.357619 -0.93383 -0.00889344 0.933799 -0.357687 0.999925 0.0113244 0.00470217 -0.166094 -0.0978766 0.0338284 -0.352 
1 0.0104556 -0.587112 -0.809438 -0.00640567 0.809427 -0.587186 0.999925 0.0113244 0.00470217 -0.135103 -0.137529 0.0338284 -0.352 
1 0.0117572 -0.776597 -0.629889 -0.0034814 0.629896 -0.776671 0.999925 0.0113244 0.00470217 -0.0949059 -0.167809 0.0338284 -0.352 
1 0.0122576 -0.913161 -0.407415 -0.000319881 0.407442 -0.913231 0.999925 0.0113244 0.00470217 -0.0482413 -0.186654 0.0338284 -0.352 
1 0.0119228 -0.987498 -0.157179 0.00286343 0.157223 -0.987559 0.999925 0.0113244 0.00470217 0.00171067 -0.19278 0.0338284 -0.352 
1 0.0107754 -0.994543 0.103768 0.00585162 -0.10371 -0.99459 0.999925 0.0113244 0.00470217 0.0515461 -0.185769 0.0338284 -0.352 
1 0.00889383 -0.933816 0.357644 0.00844105 -0.357575 -0.933846 0.999925 0.0113244 0.00470217 0.0978689 -0.166099 0.0338284 -0.352 
1 0.00640616 -0.809454 0.587148 0.0104553 -0.587074 -0.809466 0.999925 0.0113244 0.00470217 0.137523 -0.13511 0.0338284 -0.352 
1 0.00348194 -0.629932 0.776642 0.011757 -0.776567 -0.629925 0.999925 0.0113244 0.00470217 0.167805 -0.0949137 0.0338284 -0.352 
1 0.000320449 -0.407485 0.913212 0.0122576 -0.913142 -0.407458 0.999925 0.0113244 0.00470217 0.186652 -0.04825 0.0338284 -0.352 
1 -0.00286288 -0.157269 0.987552 0.0119229 -0.987491 -0.157225 0.999925 0.0113244 0.00470217 0.19278 0.00170174 0.0338284 -0.352 
1 -0.00585112 0.103664 0.994595 0.0107757 -0.994548 0.103722 0.999925 0.0113244 0.00470217 0.185771 0.0515375 0.0338284 -0.352 
1 -0.00844064 0.357532 0.933863 0.00889422 -0.933832 0.357601 0.999925 0.0113244 0.00470217 0.166103 0.0978612 0.0338284 -0.352 
1 -0.010455 0.587037 0.809493 0.00640664 -0.809481 0.587111 0.999925 0.0113244 0.00470217 0.135116 0.137516 0.0338284 -0.352 
1 -0.0117569 0.776538 0.629961 0.00348249 -0.629968 0.776613 0.999925 0.0113244 0.00470217 0.0949215 0.1678 0.0338284 -0.352 
1 -0.0122576 0.913123 0.4075 0.000321017 -0.407527 0.913193 0.999925 0.0113244 0.00470217 0.0482586 0.18665 0.0338284 -0.352 
1 -0.011923 0.987484 0.157271 -0.00286233 -0.157315 0.987544 0.999925 0.0113244 0.00470217 -0.00169281 0.19278 0.0338284 -0.352 
1 -0.010776 0.994553 -0.103676 -0.00585062 0.103617 0.9946 0.999925 0.0113244 0.00470217 -0.0515289 0.185774 0.0338284 -0.352 
1 -0.00889461 0.933849 -0.357557 -0.00844023 0.357489 0.933879 0.999925 0.0113244 0.00470217 -0.0978535 0.166108 0.0338284 -0.352 
1 -0.00640713 0.809508 -0.587073 -0.0104547 0.586999 0.80952 0.999925 0.0113244 0.00470217 -0.13751 0.135122 0.0338284 -0.352 
1 -0.00348303 0.630004 -0.776584 -0.0117567 0.776509 0.629996 0.999925 0.0113244 0.00470217 -0.167796 0.0949292 0.0338284 -0.352 
1 -0.000321585 0.407569 -0.913174 -0.0122576 0.913104 0.407542 0.999925 0.0113244 0.00470217 -0.186648 0.0482672 0.0338284 -0.352 
1 0.00286178 0.157361 -0.987537 -0.0119232 0.987476 0.157316 0.999925 0.0113244 0.00470217 -0.19278 -0.00168388 0.0338284 -0.352 
1 0.00585012 -0.103571 -0.994605 -0.0107763 0.994558 -0.10363 0.999925 0.0113244 0.00470217 -0.185776 -0.0515203 0.0338284 -0.352 
